<START> performance-overhead: 5
max-weight: 691, max-profit: 38170.14
Corresponding performance-overhead-in-percentage: 5.00, sdc-coverage-in-percentage: 48.28
optimal llfi_index set found by knapsack: 7774 7822 7863 7899 7929 9194 9196 9244 9288 9289 9294 9297 9298 9301 9302 9303 9304 9305 9306 9360 9361 9362 9363 9364 9366 9369 9373 9374 9376 9378 9380 9381 9382 9384 9385 9390 9391 9392 9393 9394 9396 9398 9400 9402 9403 9404 9405 9411 9413 9414 9417 9418 9423 9430 9431 9433
<END>
<START> performance-overhead: 10
max-weight: 1381, max-profit: 55698.87
Corresponding performance-overhead-in-percentage: 10.00, sdc-coverage-in-percentage: 70.45
optimal llfi_index set found by knapsack: 4649 4663 4667 4694 4695 4701 4715 4758 4786 4788 4790 4801 4811 7740 7767 7774 7822 7863 7899 7929 7953 8664 8666 8681 8682 8684 8709 8735 9074 9084 9096 9161 9186 9194 9196 9198 9204 9206 9209 9213 9215 9237 9243 9244 9246 9279 9288 9289 9294 9297 9298 9300 9301 9302 9303 9304 9305 9306 9308 9310 9356 9360 9361 9362 9363 9364 9365 9366 9367 9369 9373 9374 9376 9377 9378 9379 9380 9381 9382 9383 9384 9385 9390 9391 9392 9393 9394 9396 9397 9398 9399 9400 9401 9402 9403 9404 9405 9410 9411 9412 9413 9414 9417 9418 9422 9423 9425 9426 9430 9431 9433 9434 9438 9518 10735 10740 10744 10745 10773 10777 11131 11134 11146 11147 11157 11178 11179 11189 11192 11195 11199 11230 11260 11275 11315 11324 11325 11338
<END>
<START> performance-overhead: 15
max-weight: 2072, max-profit: 64067.64
Corresponding performance-overhead-in-percentage: 15.00, sdc-coverage-in-percentage: 81.03
optimal llfi_index set found by knapsack: 4649 4663 4667 4694 4695 4701 4715 4758 4786 4788 4790 4801 4811 5001 5011 5051 5057 5059 5081 7740 7767 7774 7822 7863 7899 7929 7953 8079 8104 8664 8666 8681 8682 8684 8709 8735 8783 9074 9084 9096 9097 9161 9186 9194 9196 9198 9204 9206 9209 9213 9215 9235 9237 9243 9244 9246 9255 9258 9260 9269 9275 9277 9279 9281 9285 9288 9289 9293 9294 9297 9298 9300 9301 9302 9303 9304 9305 9306 9308 9309 9310 9346 9350 9351 9354 9356 9360 9361 9362 9363 9364 9365 9366 9367 9369 9373 9374 9376 9377 9378 9379 9380 9381 9382 9383 9384 9385 9390 9391 9392 9393 9394 9396 9397 9398 9399 9400 9401 9402 9403 9404 9405 9410 9411 9412 9413 9414 9417 9418 9422 9423 9425 9426 9430 9431 9433 9434 9438 9518 10735 10740 10744 10745 10773 10777 11131 11134 11146 11147 11157 11178 11179 11189 11192 11195 11199 11230 11260 11275 11315 11324 11325 11338
<END>
<START> performance-overhead: 20
max-weight: 2762, max-profit: 70701.08
Corresponding performance-overhead-in-percentage: 20.00, sdc-coverage-in-percentage: 89.42
optimal llfi_index set found by knapsack: 4649 4663 4667 4694 4695 4701 4715 4758 4786 4788 4790 4801 4811 5001 5011 5051 5057 5059 5081 5093 7740 7767 7774 7822 7863 7899 7929 7953 8079 8104 8664 8666 8681 8682 8684 8709 8735 8783 9074 9084 9096 9097 9161 9186 9194 9196 9198 9204 9205 9206 9209 9213 9215 9225 9227 9235 9237 9243 9244 9246 9248 9255 9257 9258 9260 9269 9270 9275 9276 9277 9278 9279 9280 9281 9282 9284 9285 9288 9289 9293 9294 9297 9298 9300 9301 9302 9303 9304 9305 9306 9308 9309 9310 9346 9350 9351 9354 9356 9360 9361 9362 9363 9364 9365 9366 9367 9369 9373 9374 9376 9377 9378 9379 9380 9381 9382 9383 9384 9385 9390 9391 9392 9393 9394 9396 9397 9398 9399 9400 9401 9402 9403 9404 9405 9410 9411 9412 9413 9414 9417 9418 9422 9423 9425 9426 9430 9431 9433 9434 9438 9518 10735 10740 10744 10745 10773 10777 11131 11134 11146 11147 11157 11178 11179 11189 11192 11195 11199 11230 11260 11275 11315 11324 11325 11338
<END>
<START> performance-overhead: 25
max-weight: 3453, max-profit: 75811.10
Corresponding performance-overhead-in-percentage: 25.00, sdc-coverage-in-percentage: 95.89
optimal llfi_index set found by knapsack: 4649 4663 4667 4694 4695 4701 4715 4758 4786 4788 4790 4801 4806 4811 5001 5011 5051 5057 5059 5081 5093 5098 5153 5248 7740 7767 7774 7822 7863 7899 7929 7953 8079 8104 8664 8666 8681 8682 8684 8709 8735 8783 8784 9074 9084 9096 9097 9161 9181 9186 9194 9196 9198 9204 9205 9206 9208 9209 9213 9215 9225 9227 9233 9235 9237 9243 9244 9246 9248 9255 9256 9257 9258 9260 9261 9266 9267 9268 9269 9270 9271 9273 9275 9276 9277 9278 9279 9280 9281 9282 9283 9284 9285 9288 9289 9293 9294 9297 9298 9300 9301 9302 9303 9304 9305 9306 9308 9309 9310 9311 9312 9346 9347 9350 9351 9354 9356 9360 9361 9362 9363 9364 9365 9366 9367 9368 9369 9373 9374 9376 9377 9378 9379 9380 9381 9382 9383 9384 9385 9390 9391 9392 9393 9394 9396 9397 9398 9399 9400 9401 9402 9403 9404 9405 9408 9409 9410 9411 9412 9413 9414 9417 9418 9422 9423 9425 9426 9430 9431 9433 9434 9438 9518 10735 10740 10744 10745 10773 10777 11131 11134 11142 11146 11147 11157 11178 11179 11189 11192 11195 11199 11230 11260 11275 11315 11324 11325 11338
<END>
<START> performance-overhead: 30
max-weight: 4143, max-profit: 78847.87
Corresponding performance-overhead-in-percentage: 30.00, sdc-coverage-in-percentage: 99.73
optimal llfi_index set found by knapsack: 4649 4663 4667 4694 4695 4701 4715 4758 4786 4788 4790 4801 4806 4811 5001 5011 5051 5057 5059 5081 5093 5098 5153 5248 6870 7013 7740 7767 7774 7818 7822 7843 7863 7899 7929 7945 7953 7964 8079 8104 8664 8666 8681 8682 8684 8709 8735 8783 8784 9074 9084 9096 9097 9161 9181 9186 9194 9196 9198 9204 9205 9206 9208 9209 9213 9214 9215 9217 9218 9223 9225 9227 9232 9233 9235 9236 9237 9243 9244 9246 9247 9248 9249 9254 9255 9256 9257 9258 9259 9260 9261 9266 9267 9268 9269 9270 9271 9272 9273 9275 9276 9277 9278 9279 9280 9281 9282 9283 9284 9285 9288 9289 9292 9293 9294 9297 9298 9300 9301 9302 9303 9304 9305 9306 9308 9309 9310 9311 9312 9346 9347 9350 9351 9354 9356 9360 9361 9362 9363 9364 9365 9366 9367 9368 9369 9373 9374 9376 9377 9378 9379 9380 9381 9382 9383 9384 9385 9388 9389 9390 9391 9392 9393 9394 9396 9397 9398 9399 9400 9401 9402 9403 9404 9405 9408 9409 9410 9411 9412 9413 9414 9417 9418 9422 9423 9425 9426 9430 9431 9433 9434 9438 9518 10735 10740 10744 10745 10773 10777 11029 11101 11131 11134 11142 11146 11147 11157 11178 11179 11189 11192 11195 11199 11230 11260 11275 11315 11324 11325 11338
<END>
<START> performance-overhead: 35
max-weight: 4834, max-profit: 79063.58
Corresponding performance-overhead-in-percentage: 35.00, sdc-coverage-in-percentage: 100.00
optimal llfi_index set found by knapsack: 4649 4663 4667 4694 4695 4701 4715 4758 4786 4788 4790 4801 4806 4811 5001 5011 5051 5057 5059 5081 5093 5098 5153 5248 6870 7013 7740 7767 7774 7818 7822 7843 7863 7899 7929 7945 7953 7964 8079 8104 8664 8666 8681 8682 8684 8709 8735 8783 8784 9074 9084 9096 9097 9161 9181 9186 9194 9196 9198 9204 9205 9206 9208 9209 9213 9214 9215 9217 9218 9223 9224 9225 9227 9229 9232 9233 9235 9236 9237 9243 9244 9246 9247 9248 9249 9253 9254 9255 9256 9257 9258 9259 9260 9261 9264 9265 9266 9267 9268 9269 9270 9271 9272 9273 9275 9276 9277 9278 9279 9280 9281 9282 9283 9284 9285 9288 9289 9292 9293 9294 9297 9298 9300 9301 9302 9303 9304 9305 9306 9308 9309 9310 9311 9312 9346 9347 9350 9351 9354 9356 9360 9361 9362 9363 9364 9365 9366 9367 9368 9369 9373 9374 9376 9377 9378 9379 9380 9381 9382 9383 9384 9385 9388 9389 9390 9391 9392 9393 9394 9396 9397 9398 9399 9400 9401 9402 9403 9404 9405 9408 9409 9410 9411 9412 9413 9414 9417 9418 9422 9423 9425 9426 9430 9431 9433 9434 9438 9518 10735 10740 10744 10745 10773 10777 11029 11101 11131 11134 11142 11146 11147 11157 11178 11179 11189 11192 11195 11199 11230 11260 11275 11315 11324 11325 11338
<END>
<START> performance-overhead: 40
max-weight: 5524, max-profit: 79063.58
Corresponding performance-overhead-in-percentage: 40.00, sdc-coverage-in-percentage: 100.00
optimal llfi_index set found by knapsack: 4649 4663 4667 4694 4695 4701 4715 4758 4786 4788 4790 4801 4806 4811 5001 5011 5051 5057 5059 5081 5093 5098 5153 5248 6870 7013 7740 7767 7774 7818 7822 7843 7863 7899 7929 7945 7953 7964 8079 8104 8664 8666 8681 8682 8684 8709 8735 8783 8784 9074 9084 9096 9097 9161 9181 9186 9194 9196 9198 9204 9205 9206 9208 9209 9213 9214 9215 9217 9218 9223 9224 9225 9227 9229 9232 9233 9235 9236 9237 9243 9244 9246 9247 9248 9249 9253 9254 9255 9256 9257 9258 9259 9260 9261 9264 9265 9266 9267 9268 9269 9270 9271 9272 9273 9275 9276 9277 9278 9279 9280 9281 9282 9283 9284 9285 9288 9289 9292 9293 9294 9297 9298 9300 9301 9302 9303 9304 9305 9306 9308 9309 9310 9311 9312 9346 9347 9350 9351 9354 9356 9360 9361 9362 9363 9364 9365 9366 9367 9368 9369 9373 9374 9376 9377 9378 9379 9380 9381 9382 9383 9384 9385 9388 9389 9390 9391 9392 9393 9394 9396 9397 9398 9399 9400 9401 9402 9403 9404 9405 9408 9409 9410 9411 9412 9413 9414 9417 9418 9422 9423 9425 9426 9430 9431 9433 9434 9438 9518 10735 10740 10744 10745 10773 10777 11029 11101 11131 11134 11142 11146 11147 11157 11178 11179 11189 11192 11195 11199 11230 11260 11275 11315 11324 11325 11338
<END>
<START> performance-overhead: 45
max-weight: 6215, max-profit: 79063.58
Corresponding performance-overhead-in-percentage: 45.00, sdc-coverage-in-percentage: 100.00
optimal llfi_index set found by knapsack: 4649 4663 4667 4694 4695 4701 4715 4758 4786 4788 4790 4801 4806 4811 5001 5011 5051 5057 5059 5081 5093 5098 5153 5248 6870 7013 7740 7767 7774 7818 7822 7843 7863 7899 7929 7945 7953 7964 8079 8104 8664 8666 8681 8682 8684 8709 8735 8783 8784 9074 9084 9096 9097 9161 9181 9186 9194 9196 9198 9204 9205 9206 9208 9209 9213 9214 9215 9217 9218 9223 9224 9225 9227 9229 9232 9233 9235 9236 9237 9243 9244 9246 9247 9248 9249 9253 9254 9255 9256 9257 9258 9259 9260 9261 9264 9265 9266 9267 9268 9269 9270 9271 9272 9273 9275 9276 9277 9278 9279 9280 9281 9282 9283 9284 9285 9288 9289 9292 9293 9294 9297 9298 9300 9301 9302 9303 9304 9305 9306 9308 9309 9310 9311 9312 9346 9347 9350 9351 9354 9356 9360 9361 9362 9363 9364 9365 9366 9367 9368 9369 9373 9374 9376 9377 9378 9379 9380 9381 9382 9383 9384 9385 9388 9389 9390 9391 9392 9393 9394 9396 9397 9398 9399 9400 9401 9402 9403 9404 9405 9408 9409 9410 9411 9412 9413 9414 9417 9418 9422 9423 9425 9426 9430 9431 9433 9434 9438 9518 10735 10740 10744 10745 10773 10777 11029 11101 11131 11134 11142 11146 11147 11157 11178 11179 11189 11192 11195 11199 11230 11260 11275 11315 11324 11325 11338
<END>
<START> performance-overhead: 50
max-weight: 6906, max-profit: 79063.58
Corresponding performance-overhead-in-percentage: 50.00, sdc-coverage-in-percentage: 100.00
optimal llfi_index set found by knapsack: 4649 4663 4667 4694 4695 4701 4715 4758 4786 4788 4790 4801 4806 4811 5001 5011 5051 5057 5059 5081 5093 5098 5153 5248 6870 7013 7740 7767 7774 7818 7822 7843 7863 7899 7929 7945 7953 7964 8079 8104 8664 8666 8681 8682 8684 8709 8735 8783 8784 9074 9084 9096 9097 9161 9181 9186 9194 9196 9198 9204 9205 9206 9208 9209 9213 9214 9215 9217 9218 9223 9224 9225 9227 9229 9232 9233 9235 9236 9237 9243 9244 9246 9247 9248 9249 9253 9254 9255 9256 9257 9258 9259 9260 9261 9264 9265 9266 9267 9268 9269 9270 9271 9272 9273 9275 9276 9277 9278 9279 9280 9281 9282 9283 9284 9285 9288 9289 9292 9293 9294 9297 9298 9300 9301 9302 9303 9304 9305 9306 9308 9309 9310 9311 9312 9346 9347 9350 9351 9354 9356 9360 9361 9362 9363 9364 9365 9366 9367 9368 9369 9373 9374 9376 9377 9378 9379 9380 9381 9382 9383 9384 9385 9388 9389 9390 9391 9392 9393 9394 9396 9397 9398 9399 9400 9401 9402 9403 9404 9405 9408 9409 9410 9411 9412 9413 9414 9417 9418 9422 9423 9425 9426 9430 9431 9433 9434 9438 9518 10735 10740 10744 10745 10773 10777 11029 11101 11131 11134 11142 11146 11147 11157 11178 11179 11189 11192 11195 11199 11230 11260 11275 11315 11324 11325 11338
<END>
<START> performance-overhead: 55
max-weight: 7596, max-profit: 79063.58
Corresponding performance-overhead-in-percentage: 55.00, sdc-coverage-in-percentage: 100.00
optimal llfi_index set found by knapsack: 4649 4663 4667 4694 4695 4701 4715 4758 4786 4788 4790 4801 4806 4811 5001 5011 5051 5057 5059 5081 5093 5098 5153 5248 6870 7013 7740 7767 7774 7818 7822 7843 7863 7899 7929 7945 7953 7964 8079 8104 8664 8666 8681 8682 8684 8709 8735 8783 8784 9074 9084 9096 9097 9161 9181 9186 9194 9196 9198 9204 9205 9206 9208 9209 9213 9214 9215 9217 9218 9223 9224 9225 9227 9229 9232 9233 9235 9236 9237 9243 9244 9246 9247 9248 9249 9253 9254 9255 9256 9257 9258 9259 9260 9261 9264 9265 9266 9267 9268 9269 9270 9271 9272 9273 9275 9276 9277 9278 9279 9280 9281 9282 9283 9284 9285 9288 9289 9292 9293 9294 9297 9298 9300 9301 9302 9303 9304 9305 9306 9308 9309 9310 9311 9312 9346 9347 9350 9351 9354 9356 9360 9361 9362 9363 9364 9365 9366 9367 9368 9369 9373 9374 9376 9377 9378 9379 9380 9381 9382 9383 9384 9385 9388 9389 9390 9391 9392 9393 9394 9396 9397 9398 9399 9400 9401 9402 9403 9404 9405 9408 9409 9410 9411 9412 9413 9414 9417 9418 9422 9423 9425 9426 9430 9431 9433 9434 9438 9518 10735 10740 10744 10745 10773 10777 11029 11101 11131 11134 11142 11146 11147 11157 11178 11179 11189 11192 11195 11199 11230 11260 11275 11315 11324 11325 11338
<END>
<START> performance-overhead: 60
max-weight: 8287, max-profit: 79063.58
Corresponding performance-overhead-in-percentage: 60.00, sdc-coverage-in-percentage: 100.00
optimal llfi_index set found by knapsack: 4649 4663 4667 4694 4695 4701 4715 4758 4786 4788 4790 4801 4806 4811 5001 5011 5051 5057 5059 5081 5093 5098 5153 5248 6870 7013 7740 7767 7774 7818 7822 7843 7863 7899 7929 7945 7953 7964 8079 8104 8664 8666 8681 8682 8684 8709 8735 8783 8784 9074 9084 9096 9097 9161 9181 9186 9194 9196 9198 9204 9205 9206 9208 9209 9213 9214 9215 9217 9218 9223 9224 9225 9227 9229 9232 9233 9235 9236 9237 9243 9244 9246 9247 9248 9249 9253 9254 9255 9256 9257 9258 9259 9260 9261 9264 9265 9266 9267 9268 9269 9270 9271 9272 9273 9275 9276 9277 9278 9279 9280 9281 9282 9283 9284 9285 9288 9289 9292 9293 9294 9297 9298 9300 9301 9302 9303 9304 9305 9306 9308 9309 9310 9311 9312 9346 9347 9350 9351 9354 9356 9360 9361 9362 9363 9364 9365 9366 9367 9368 9369 9373 9374 9376 9377 9378 9379 9380 9381 9382 9383 9384 9385 9388 9389 9390 9391 9392 9393 9394 9396 9397 9398 9399 9400 9401 9402 9403 9404 9405 9408 9409 9410 9411 9412 9413 9414 9417 9418 9422 9423 9425 9426 9430 9431 9433 9434 9438 9518 10735 10740 10744 10745 10773 10777 11029 11101 11131 11134 11142 11146 11147 11157 11178 11179 11189 11192 11195 11199 11230 11260 11275 11315 11324 11325 11338
<END>
<START> performance-overhead: 65
max-weight: 8977, max-profit: 79063.58
Corresponding performance-overhead-in-percentage: 65.00, sdc-coverage-in-percentage: 100.00
optimal llfi_index set found by knapsack: 4649 4663 4667 4694 4695 4701 4715 4758 4786 4788 4790 4801 4806 4811 5001 5011 5051 5057 5059 5081 5093 5098 5153 5248 6870 7013 7740 7767 7774 7818 7822 7843 7863 7899 7929 7945 7953 7964 8079 8104 8664 8666 8681 8682 8684 8709 8735 8783 8784 9074 9084 9096 9097 9161 9181 9186 9194 9196 9198 9204 9205 9206 9208 9209 9213 9214 9215 9217 9218 9223 9224 9225 9227 9229 9232 9233 9235 9236 9237 9243 9244 9246 9247 9248 9249 9253 9254 9255 9256 9257 9258 9259 9260 9261 9264 9265 9266 9267 9268 9269 9270 9271 9272 9273 9275 9276 9277 9278 9279 9280 9281 9282 9283 9284 9285 9288 9289 9292 9293 9294 9297 9298 9300 9301 9302 9303 9304 9305 9306 9308 9309 9310 9311 9312 9346 9347 9350 9351 9354 9356 9360 9361 9362 9363 9364 9365 9366 9367 9368 9369 9373 9374 9376 9377 9378 9379 9380 9381 9382 9383 9384 9385 9388 9389 9390 9391 9392 9393 9394 9396 9397 9398 9399 9400 9401 9402 9403 9404 9405 9408 9409 9410 9411 9412 9413 9414 9417 9418 9422 9423 9425 9426 9430 9431 9433 9434 9438 9518 10735 10740 10744 10745 10773 10777 11029 11101 11131 11134 11142 11146 11147 11157 11178 11179 11189 11192 11195 11199 11230 11260 11275 11315 11324 11325 11338
<END>
<START> performance-overhead: 70
max-weight: 9668, max-profit: 79063.58
Corresponding performance-overhead-in-percentage: 70.00, sdc-coverage-in-percentage: 100.00
optimal llfi_index set found by knapsack: 4649 4663 4667 4694 4695 4701 4715 4758 4786 4788 4790 4801 4806 4811 5001 5011 5051 5057 5059 5081 5093 5098 5153 5248 6870 7013 7740 7767 7774 7818 7822 7843 7863 7899 7929 7945 7953 7964 8079 8104 8664 8666 8681 8682 8684 8709 8735 8783 8784 9074 9084 9096 9097 9161 9181 9186 9194 9196 9198 9204 9205 9206 9208 9209 9213 9214 9215 9217 9218 9223 9224 9225 9227 9229 9232 9233 9235 9236 9237 9243 9244 9246 9247 9248 9249 9253 9254 9255 9256 9257 9258 9259 9260 9261 9264 9265 9266 9267 9268 9269 9270 9271 9272 9273 9275 9276 9277 9278 9279 9280 9281 9282 9283 9284 9285 9288 9289 9292 9293 9294 9297 9298 9300 9301 9302 9303 9304 9305 9306 9308 9309 9310 9311 9312 9346 9347 9350 9351 9354 9356 9360 9361 9362 9363 9364 9365 9366 9367 9368 9369 9373 9374 9376 9377 9378 9379 9380 9381 9382 9383 9384 9385 9388 9389 9390 9391 9392 9393 9394 9396 9397 9398 9399 9400 9401 9402 9403 9404 9405 9408 9409 9410 9411 9412 9413 9414 9417 9418 9422 9423 9425 9426 9430 9431 9433 9434 9438 9518 10735 10740 10744 10745 10773 10777 11029 11101 11131 11134 11142 11146 11147 11157 11178 11179 11189 11192 11195 11199 11230 11260 11275 11315 11324 11325 11338
<END>
<START> performance-overhead: 75
max-weight: 10358, max-profit: 79063.58
Corresponding performance-overhead-in-percentage: 75.00, sdc-coverage-in-percentage: 100.00
optimal llfi_index set found by knapsack: 4649 4663 4667 4694 4695 4701 4715 4758 4786 4788 4790 4801 4806 4811 5001 5011 5051 5057 5059 5081 5093 5098 5153 5248 6870 7013 7740 7767 7774 7818 7822 7843 7863 7899 7929 7945 7953 7964 8079 8104 8664 8666 8681 8682 8684 8709 8735 8783 8784 9074 9084 9096 9097 9161 9181 9186 9194 9196 9198 9204 9205 9206 9208 9209 9213 9214 9215 9217 9218 9223 9224 9225 9227 9229 9232 9233 9235 9236 9237 9243 9244 9246 9247 9248 9249 9253 9254 9255 9256 9257 9258 9259 9260 9261 9264 9265 9266 9267 9268 9269 9270 9271 9272 9273 9275 9276 9277 9278 9279 9280 9281 9282 9283 9284 9285 9288 9289 9292 9293 9294 9297 9298 9300 9301 9302 9303 9304 9305 9306 9308 9309 9310 9311 9312 9346 9347 9350 9351 9354 9356 9360 9361 9362 9363 9364 9365 9366 9367 9368 9369 9373 9374 9376 9377 9378 9379 9380 9381 9382 9383 9384 9385 9388 9389 9390 9391 9392 9393 9394 9396 9397 9398 9399 9400 9401 9402 9403 9404 9405 9408 9409 9410 9411 9412 9413 9414 9417 9418 9422 9423 9425 9426 9430 9431 9433 9434 9438 9518 10735 10740 10744 10745 10773 10777 11029 11101 11131 11134 11142 11146 11147 11157 11178 11179 11189 11192 11195 11199 11230 11260 11275 11315 11324 11325 11338
<END>
<START> performance-overhead: 80
max-weight: 11049, max-profit: 79063.58
Corresponding performance-overhead-in-percentage: 80.00, sdc-coverage-in-percentage: 100.00
optimal llfi_index set found by knapsack: 4649 4663 4667 4694 4695 4701 4715 4758 4786 4788 4790 4801 4806 4811 5001 5011 5051 5057 5059 5081 5093 5098 5153 5248 6870 7013 7740 7767 7774 7818 7822 7843 7863 7899 7929 7945 7953 7964 8079 8104 8664 8666 8681 8682 8684 8709 8735 8783 8784 9074 9084 9096 9097 9161 9181 9186 9194 9196 9198 9204 9205 9206 9208 9209 9213 9214 9215 9217 9218 9223 9224 9225 9227 9229 9232 9233 9235 9236 9237 9243 9244 9246 9247 9248 9249 9253 9254 9255 9256 9257 9258 9259 9260 9261 9264 9265 9266 9267 9268 9269 9270 9271 9272 9273 9275 9276 9277 9278 9279 9280 9281 9282 9283 9284 9285 9288 9289 9292 9293 9294 9297 9298 9300 9301 9302 9303 9304 9305 9306 9308 9309 9310 9311 9312 9346 9347 9350 9351 9354 9356 9360 9361 9362 9363 9364 9365 9366 9367 9368 9369 9373 9374 9376 9377 9378 9379 9380 9381 9382 9383 9384 9385 9388 9389 9390 9391 9392 9393 9394 9396 9397 9398 9399 9400 9401 9402 9403 9404 9405 9408 9409 9410 9411 9412 9413 9414 9417 9418 9422 9423 9425 9426 9430 9431 9433 9434 9438 9518 10735 10740 10744 10745 10773 10777 11029 11101 11131 11134 11142 11146 11147 11157 11178 11179 11189 11192 11195 11199 11230 11260 11275 11315 11324 11325 11338
<END>
<START> performance-overhead: 85
max-weight: 11739, max-profit: 79063.58
Corresponding performance-overhead-in-percentage: 85.00, sdc-coverage-in-percentage: 100.00
optimal llfi_index set found by knapsack: 4649 4663 4667 4694 4695 4701 4715 4758 4786 4788 4790 4801 4806 4811 5001 5011 5051 5057 5059 5081 5093 5098 5153 5248 6870 7013 7740 7767 7774 7818 7822 7843 7863 7899 7929 7945 7953 7964 8079 8104 8664 8666 8681 8682 8684 8709 8735 8783 8784 9074 9084 9096 9097 9161 9181 9186 9194 9196 9198 9204 9205 9206 9208 9209 9213 9214 9215 9217 9218 9223 9224 9225 9227 9229 9232 9233 9235 9236 9237 9243 9244 9246 9247 9248 9249 9253 9254 9255 9256 9257 9258 9259 9260 9261 9264 9265 9266 9267 9268 9269 9270 9271 9272 9273 9275 9276 9277 9278 9279 9280 9281 9282 9283 9284 9285 9288 9289 9292 9293 9294 9297 9298 9300 9301 9302 9303 9304 9305 9306 9308 9309 9310 9311 9312 9346 9347 9350 9351 9354 9356 9360 9361 9362 9363 9364 9365 9366 9367 9368 9369 9373 9374 9376 9377 9378 9379 9380 9381 9382 9383 9384 9385 9388 9389 9390 9391 9392 9393 9394 9396 9397 9398 9399 9400 9401 9402 9403 9404 9405 9408 9409 9410 9411 9412 9413 9414 9417 9418 9422 9423 9425 9426 9430 9431 9433 9434 9438 9518 10735 10740 10744 10745 10773 10777 11029 11101 11131 11134 11142 11146 11147 11157 11178 11179 11189 11192 11195 11199 11230 11260 11275 11315 11324 11325 11338
<END>
<START> performance-overhead: 90
max-weight: 12430, max-profit: 79063.58
Corresponding performance-overhead-in-percentage: 90.00, sdc-coverage-in-percentage: 100.00
optimal llfi_index set found by knapsack: 4649 4663 4667 4694 4695 4701 4715 4758 4786 4788 4790 4801 4806 4811 5001 5011 5051 5057 5059 5081 5093 5098 5153 5248 6870 7013 7740 7767 7774 7818 7822 7843 7863 7899 7929 7945 7953 7964 8079 8104 8664 8666 8681 8682 8684 8709 8735 8783 8784 9074 9084 9096 9097 9161 9181 9186 9194 9196 9198 9204 9205 9206 9208 9209 9213 9214 9215 9217 9218 9223 9224 9225 9227 9229 9232 9233 9235 9236 9237 9243 9244 9246 9247 9248 9249 9253 9254 9255 9256 9257 9258 9259 9260 9261 9264 9265 9266 9267 9268 9269 9270 9271 9272 9273 9275 9276 9277 9278 9279 9280 9281 9282 9283 9284 9285 9288 9289 9292 9293 9294 9297 9298 9300 9301 9302 9303 9304 9305 9306 9308 9309 9310 9311 9312 9346 9347 9350 9351 9354 9356 9360 9361 9362 9363 9364 9365 9366 9367 9368 9369 9373 9374 9376 9377 9378 9379 9380 9381 9382 9383 9384 9385 9388 9389 9390 9391 9392 9393 9394 9396 9397 9398 9399 9400 9401 9402 9403 9404 9405 9408 9409 9410 9411 9412 9413 9414 9417 9418 9422 9423 9425 9426 9430 9431 9433 9434 9438 9518 10735 10740 10744 10745 10773 10777 11029 11101 11131 11134 11142 11146 11147 11157 11178 11179 11189 11192 11195 11199 11230 11260 11275 11315 11324 11325 11338
<END>
<START> performance-overhead: 95
max-weight: 13120, max-profit: 79063.58
Corresponding performance-overhead-in-percentage: 95.00, sdc-coverage-in-percentage: 100.00
optimal llfi_index set found by knapsack: 4649 4663 4667 4694 4695 4701 4715 4758 4786 4788 4790 4801 4806 4811 5001 5011 5051 5057 5059 5081 5093 5098 5153 5248 6870 7013 7740 7767 7774 7818 7822 7843 7863 7899 7929 7945 7953 7964 8079 8104 8664 8666 8681 8682 8684 8709 8735 8783 8784 9074 9084 9096 9097 9161 9181 9186 9194 9196 9198 9204 9205 9206 9208 9209 9213 9214 9215 9217 9218 9223 9224 9225 9227 9229 9232 9233 9235 9236 9237 9243 9244 9246 9247 9248 9249 9253 9254 9255 9256 9257 9258 9259 9260 9261 9264 9265 9266 9267 9268 9269 9270 9271 9272 9273 9275 9276 9277 9278 9279 9280 9281 9282 9283 9284 9285 9288 9289 9292 9293 9294 9297 9298 9300 9301 9302 9303 9304 9305 9306 9308 9309 9310 9311 9312 9346 9347 9350 9351 9354 9356 9360 9361 9362 9363 9364 9365 9366 9367 9368 9369 9373 9374 9376 9377 9378 9379 9380 9381 9382 9383 9384 9385 9388 9389 9390 9391 9392 9393 9394 9396 9397 9398 9399 9400 9401 9402 9403 9404 9405 9408 9409 9410 9411 9412 9413 9414 9417 9418 9422 9423 9425 9426 9430 9431 9433 9434 9438 9518 10735 10740 10744 10745 10773 10777 11029 11101 11131 11134 11142 11146 11147 11157 11178 11179 11189 11192 11195 11199 11230 11260 11275 11315 11324 11325 11338
<END>
<START> performance-overhead: 100
max-weight: 13811, max-profit: 79063.58
Corresponding performance-overhead-in-percentage: 100.00, sdc-coverage-in-percentage: 100.00
optimal llfi_index set found by knapsack: 4649 4663 4667 4694 4695 4701 4715 4758 4786 4788 4790 4801 4806 4811 5001 5011 5051 5057 5059 5081 5093 5098 5153 5248 6870 7013 7740 7767 7774 7818 7822 7843 7863 7899 7929 7945 7953 7964 8079 8104 8664 8666 8681 8682 8684 8709 8735 8783 8784 9074 9084 9096 9097 9161 9181 9186 9194 9196 9198 9204 9205 9206 9208 9209 9213 9214 9215 9217 9218 9223 9224 9225 9227 9229 9232 9233 9235 9236 9237 9243 9244 9246 9247 9248 9249 9253 9254 9255 9256 9257 9258 9259 9260 9261 9264 9265 9266 9267 9268 9269 9270 9271 9272 9273 9275 9276 9277 9278 9279 9280 9281 9282 9283 9284 9285 9288 9289 9292 9293 9294 9297 9298 9300 9301 9302 9303 9304 9305 9306 9308 9309 9310 9311 9312 9346 9347 9350 9351 9354 9356 9360 9361 9362 9363 9364 9365 9366 9367 9368 9369 9373 9374 9376 9377 9378 9379 9380 9381 9382 9383 9384 9385 9388 9389 9390 9391 9392 9393 9394 9396 9397 9398 9399 9400 9401 9402 9403 9404 9405 9408 9409 9410 9411 9412 9413 9414 9417 9418 9422 9423 9425 9426 9430 9431 9433 9434 9438 9518 10735 10740 10744 10745 10773 10777 11029 11101 11131 11134 11142 11146 11147 11157 11178 11179 11189 11192 11195 11199 11230 11260 11275 11315 11324 11325 11338
<END>
