<START> performance-overhead: 5
max-weight: 599, max-profit: 25002.86
Corresponding performance-overhead-in-percentage: 5.00, sdc-coverage-in-percentage: 44.62
optimal llfi_index set found by knapsack: 477 479 482 484 488 490 492 497 498 528 530 538 546 547 548 549 552 553 558 584 586 594 600 611 622 627 628 834 845 846 1094 1096 1114 1127 1180 1195 1614 1622 1624 1638 1657 1669 1670 1675 1724 1728 1734 1735 1738 1752 1754 1776 1876 1877 1881 1990 1992 1994 1995 1996 2000 2001 2003 2004 2005 2006 2009 2010 2011 2014 2015 2036 2047 2125
<END>
<START> performance-overhead: 10
max-weight: 1198, max-profit: 33803.40
Corresponding performance-overhead-in-percentage: 10.00, sdc-coverage-in-percentage: 60.32
optimal llfi_index set found by knapsack: 467 477 479 481 482 483 484 485 486 488 489 490 491 492 497 498 528 530 536 538 544 546 547 548 549 552 553 558 574 584 586 594 600 602 611 622 627 628 790 834 845 846 1094 1096 1100 1114 1127 1164 1170 1179 1180 1187 1195 1245 1614 1622 1624 1638 1640 1644 1645 1657 1663 1664 1669 1670 1674 1675 1724 1728 1730 1734 1735 1738 1752 1754 1766 1769 1770 1774 1776 1821 1827 1834 1836 1853 1855 1876 1877 1881 1990 1992 1994 1995 1996 1998 2000 2001 2003 2004 2005 2006 2007 2009 2010 2011 2014 2015 2034 2036 2047 2094 2100 2111 2125
<END>
<START> performance-overhead: 15
max-weight: 1797, max-profit: 39879.85
Corresponding performance-overhead-in-percentage: 15.00, sdc-coverage-in-percentage: 71.16
optimal llfi_index set found by knapsack: 467 477 479 481 482 483 484 485 486 488 489 490 491 492 493 494 497 498 528 530 536 537 538 544 546 547 548 549 552 553 558 574 584 586 591 593 594 600 602 611 622 627 628 744 746 751 779 790 834 845 846 1094 1096 1100 1114 1127 1164 1170 1179 1180 1187 1195 1245 1614 1622 1624 1626 1638 1639 1640 1644 1645 1646 1657 1660 1663 1664 1665 1666 1669 1670 1674 1675 1724 1728 1730 1734 1735 1738 1747 1752 1754 1766 1768 1769 1770 1774 1775 1776 1782 1808 1813 1821 1827 1832 1834 1836 1844 1850 1853 1855 1861 1876 1877 1881 1882 1990 1992 1994 1995 1996 1998 1999 2000 2001 2003 2004 2005 2006 2007 2008 2009 2010 2011 2014 2015 2034 2036 2047 2088 2094 2100 2111 2125
<END>
<START> performance-overhead: 20
max-weight: 2396, max-profit: 44408.09
Corresponding performance-overhead-in-percentage: 20.00, sdc-coverage-in-percentage: 79.24
optimal llfi_index set found by knapsack: 467 477 478 479 481 482 483 484 485 486 488 489 490 491 492 493 494 497 498 522 528 530 536 537 538 541 544 545 546 547 548 549 552 553 558 574 584 586 591 593 594 595 600 602 605 611 622 627 628 671 744 746 748 751 779 790 834 845 846 1094 1096 1100 1114 1127 1164 1170 1179 1180 1187 1195 1245 1612 1614 1622 1624 1626 1627 1638 1639 1640 1641 1643 1644 1645 1646 1657 1660 1661 1663 1664 1665 1666 1669 1670 1674 1675 1724 1728 1730 1734 1735 1738 1747 1748 1752 1754 1758 1759 1766 1768 1769 1770 1774 1775 1776 1782 1798 1808 1809 1813 1816 1821 1827 1832 1834 1836 1842 1844 1848 1850 1853 1854 1855 1861 1863 1868 1871 1876 1877 1881 1882 1937 1990 1992 1994 1995 1996 1997 1998 1999 2000 2001 2003 2004 2005 2006 2007 2008 2009 2010 2011 2014 2015 2034 2036 2045 2047 2088 2094 2097 2100 2111 2118 2125
<END>
<START> performance-overhead: 25
max-weight: 2995, max-profit: 47936.53
Corresponding performance-overhead-in-percentage: 25.00, sdc-coverage-in-percentage: 85.54
optimal llfi_index set found by knapsack: 467 477 478 479 481 482 483 484 485 486 488 489 490 491 492 493 494 497 498 522 528 530 532 536 537 538 539 541 543 544 545 546 547 548 549 552 553 558 574 584 585 586 590 591 593 594 595 596 600 601 602 605 611 622 627 628 744 746 748 751 762 763 779 786 790 834 845 846 1094 1096 1100 1114 1127 1164 1170 1179 1180 1187 1195 1245 1612 1614 1622 1624 1626 1627 1636 1638 1639 1640 1641 1642 1643 1644 1645 1646 1657 1660 1661 1662 1663 1664 1665 1666 1669 1670 1674 1675 1724 1728 1729 1730 1733 1734 1735 1738 1741 1747 1748 1752 1754 1758 1759 1761 1765 1766 1768 1769 1770 1774 1775 1776 1782 1798 1805 1808 1809 1813 1815 1816 1821 1827 1829 1830 1832 1834 1836 1838 1839 1842 1844 1848 1850 1853 1854 1855 1861 1862 1863 1867 1868 1871 1872 1876 1877 1881 1882 1937 1946 1951 1952 1990 1992 1994 1995 1996 1997 1998 1999 2000 2001 2003 2004 2005 2006 2007 2008 2009 2010 2011 2014 2015 2034 2036 2044 2045 2047 2088 2094 2097 2100 2111 2118 2125
<END>
<START> performance-overhead: 30
max-weight: 3594, max-profit: 50728.94
Corresponding performance-overhead-in-percentage: 30.00, sdc-coverage-in-percentage: 90.52
optimal llfi_index set found by knapsack: 467 477 478 479 481 482 483 484 485 486 488 489 490 491 492 493 494 497 498 522 528 530 532 534 536 537 538 539 541 543 544 545 546 547 548 549 552 553 558 574 584 585 586 588 590 591 593 594 595 596 600 601 602 605 611 619 622 627 628 671 681 744 746 748 751 759 762 763 768 771 779 785 786 790 834 845 846 1094 1096 1100 1114 1127 1164 1170 1179 1180 1187 1195 1245 1607 1612 1614 1622 1624 1626 1627 1628 1636 1637 1638 1639 1640 1641 1642 1643 1644 1645 1646 1657 1658 1659 1660 1661 1662 1663 1664 1665 1666 1669 1670 1674 1675 1724 1728 1729 1730 1733 1734 1735 1738 1741 1747 1748 1752 1754 1758 1759 1760 1761 1763 1765 1766 1768 1769 1770 1774 1775 1776 1782 1796 1798 1805 1808 1809 1813 1815 1816 1817 1821 1827 1829 1830 1831 1832 1834 1836 1838 1839 1841 1842 1844 1846 1847 1848 1849 1850 1853 1854 1855 1861 1862 1863 1864 1866 1867 1868 1871 1872 1876 1877 1881 1882 1937 1944 1946 1951 1952 1990 1992 1994 1995 1996 1997 1998 1999 2000 2001 2003 2004 2005 2006 2007 2008 2009 2010 2011 2014 2015 2034 2035 2036 2039 2044 2045 2047 2088 2094 2097 2100 2109 2111 2114 2118 2125
<END>
<START> performance-overhead: 35
max-weight: 4193, max-profit: 52893.31
Corresponding performance-overhead-in-percentage: 35.00, sdc-coverage-in-percentage: 94.38
optimal llfi_index set found by knapsack: 467 477 478 479 481 482 483 484 485 486 488 489 490 491 492 493 494 497 498 522 528 530 532 534 536 537 538 539 541 543 544 545 546 547 548 549 552 553 558 574 584 585 586 588 590 591 593 594 595 596 600 601 602 605 611 619 622 627 628 671 681 744 746 748 751 759 762 763 768 771 779 785 786 790 834 845 846 1094 1096 1100 1114 1127 1164 1170 1179 1180 1187 1195 1245 1296 1607 1612 1614 1622 1624 1626 1627 1628 1635 1636 1637 1638 1639 1640 1641 1642 1643 1644 1645 1646 1650 1651 1654 1655 1657 1658 1659 1660 1661 1662 1663 1664 1665 1666 1669 1670 1674 1675 1724 1728 1729 1730 1733 1734 1735 1738 1741 1747 1748 1752 1754 1757 1758 1759 1760 1761 1763 1765 1766 1767 1768 1769 1770 1774 1775 1776 1782 1795 1796 1798 1805 1807 1808 1809 1813 1815 1816 1817 1821 1824 1827 1829 1830 1831 1832 1833 1834 1836 1837 1838 1839 1840 1841 1842 1844 1845 1846 1847 1848 1849 1850 1853 1854 1855 1859 1861 1862 1863 1864 1866 1867 1868 1871 1872 1876 1877 1881 1882 1930 1937 1938 1944 1946 1951 1952 1959 1971 1990 1992 1994 1995 1996 1997 1998 1999 2000 2001 2003 2004 2005 2006 2007 2008 2009 2010 2011 2014 2015 2032 2034 2035 2036 2039 2043 2044 2045 2047 2085 2086 2087 2088 2094 2097 2100 2108 2109 2111 2114 2118 2125
<END>
<START> performance-overhead: 40
max-weight: 4792, max-profit: 54361.47
Corresponding performance-overhead-in-percentage: 40.00, sdc-coverage-in-percentage: 97.00
optimal llfi_index set found by knapsack: 17 467 477 478 479 481 482 483 484 485 486 488 489 490 491 492 493 494 497 498 522 528 529 530 532 534 536 537 538 539 541 543 544 545 546 547 548 549 552 553 558 574 584 585 586 588 590 591 593 594 595 596 600 601 602 605 611 619 621 622 627 628 671 681 744 746 748 751 759 762 763 768 771 779 785 786 790 834 845 846 883 1094 1096 1100 1114 1127 1164 1170 1179 1180 1187 1195 1245 1283 1286 1296 1331 1607 1612 1614 1622 1624 1626 1627 1628 1635 1636 1637 1638 1639 1640 1641 1642 1643 1644 1645 1646 1650 1651 1653 1654 1655 1656 1657 1658 1659 1660 1661 1662 1663 1664 1665 1666 1669 1670 1674 1675 1724 1728 1729 1730 1733 1734 1735 1738 1741 1747 1748 1752 1753 1754 1756 1757 1758 1759 1760 1761 1763 1764 1765 1766 1767 1768 1769 1770 1774 1775 1776 1782 1794 1795 1796 1798 1800 1805 1807 1808 1809 1813 1815 1816 1817 1821 1824 1825 1827 1829 1830 1831 1832 1833 1834 1836 1837 1838 1839 1840 1841 1842 1844 1845 1846 1847 1848 1849 1850 1853 1854 1855 1858 1859 1861 1862 1863 1864 1866 1867 1868 1871 1872 1876 1877 1881 1882 1913 1930 1935 1937 1938 1941 1944 1945 1946 1947 1950 1951 1952 1956 1957 1958 1959 1962 1963 1971 1972 1990 1992 1994 1995 1996 1997 1998 1999 2000 2001 2003 2004 2005 2006 2007 2008 2009 2010 2011 2014 2015 2032 2034 2035 2036 2039 2043 2044 2045 2047 2050 2051 2085 2086 2087 2088 2093 2094 2097 2098 2100 2108 2109 2111 2114 2118 2125
<END>
<START> performance-overhead: 45
max-weight: 5391, max-profit: 55360.71
Corresponding performance-overhead-in-percentage: 45.00, sdc-coverage-in-percentage: 98.79
optimal llfi_index set found by knapsack: 17 467 477 478 479 481 482 483 484 485 486 488 489 490 491 492 493 494 497 498 522 528 529 530 532 534 536 537 538 539 541 543 544 545 546 547 548 549 552 553 558 574 584 585 586 588 590 591 593 594 595 596 600 601 602 605 611 619 621 622 627 628 671 681 744 746 748 751 759 762 763 768 771 779 785 786 790 834 845 846 883 1094 1096 1100 1114 1127 1164 1170 1179 1180 1187 1195 1245 1283 1286 1296 1331 1607 1612 1614 1622 1624 1626 1627 1628 1630 1635 1636 1637 1638 1639 1640 1641 1642 1643 1644 1645 1646 1650 1651 1653 1654 1655 1656 1657 1658 1659 1660 1661 1662 1663 1664 1665 1666 1669 1670 1674 1675 1724 1728 1729 1730 1733 1734 1735 1738 1741 1747 1748 1752 1753 1754 1756 1757 1758 1759 1760 1761 1763 1764 1765 1766 1767 1768 1769 1770 1774 1775 1776 1779 1780 1781 1782 1785 1794 1795 1796 1798 1800 1802 1803 1804 1805 1807 1808 1809 1810 1813 1815 1816 1817 1821 1823 1824 1825 1827 1829 1830 1831 1832 1833 1834 1836 1837 1838 1839 1840 1841 1842 1844 1845 1846 1847 1848 1849 1850 1851 1853 1854 1855 1856 1857 1858 1859 1861 1862 1863 1864 1865 1866 1867 1868 1871 1872 1876 1877 1881 1882 1913 1930 1935 1937 1938 1941 1944 1945 1946 1947 1950 1951 1952 1956 1957 1958 1959 1962 1963 1971 1972 1990 1992 1994 1995 1996 1997 1998 1999 2000 2001 2003 2004 2005 2006 2007 2008 2009 2010 2011 2014 2015 2032 2034 2035 2036 2039 2043 2044 2045 2046 2047 2050 2051 2076 2085 2086 2087 2088 2093 2094 2097 2098 2100 2108 2109 2111 2114 2118 2125
<END>
<START> performance-overhead: 50
max-weight: 5990, max-profit: 55892.44
Corresponding performance-overhead-in-percentage: 50.00, sdc-coverage-in-percentage: 99.73
optimal llfi_index set found by knapsack: 17 467 477 478 479 481 482 483 484 485 486 488 489 490 491 492 493 494 497 498 522 528 529 530 532 534 536 537 538 539 541 543 544 545 546 547 548 549 552 553 558 574 584 585 586 588 590 591 593 594 595 596 600 601 602 605 611 619 621 622 627 628 671 681 744 746 748 751 759 762 763 768 771 779 785 786 790 834 845 846 1094 1096 1100 1114 1127 1164 1170 1179 1180 1187 1195 1245 1279 1282 1283 1285 1286 1296 1607 1612 1614 1622 1624 1626 1627 1628 1630 1631 1634 1635 1636 1637 1638 1639 1640 1641 1642 1643 1644 1645 1646 1650 1651 1653 1654 1655 1656 1657 1658 1659 1660 1661 1662 1663 1664 1665 1666 1669 1670 1674 1675 1724 1728 1729 1730 1733 1734 1735 1738 1741 1747 1748 1752 1753 1754 1756 1757 1758 1759 1760 1761 1763 1764 1765 1766 1767 1768 1769 1770 1774 1775 1776 1779 1780 1781 1782 1785 1786 1787 1790 1794 1795 1796 1797 1798 1800 1801 1802 1803 1804 1805 1807 1808 1809 1810 1813 1815 1816 1817 1820 1821 1823 1824 1825 1826 1827 1829 1830 1831 1832 1833 1834 1836 1837 1838 1839 1840 1841 1842 1844 1845 1846 1847 1848 1849 1850 1851 1853 1854 1855 1856 1857 1858 1859 1861 1862 1863 1864 1865 1866 1867 1868 1871 1872 1876 1877 1881 1882 1913 1930 1935 1937 1938 1941 1944 1945 1946 1947 1950 1951 1952 1956 1957 1958 1959 1962 1963 1971 1972 1990 1992 1994 1995 1996 1997 1998 1999 2000 2001 2003 2004 2005 2006 2007 2008 2009 2010 2011 2014 2015 2032 2034 2035 2036 2039 2043 2044 2045 2047 2050 2051 2076 2085 2086 2087 2088 2093 2094 2097 2098 2100 2108 2109 2111 2114 2118 2125
<END>
<START> performance-overhead: 55
max-weight: 6590, max-profit: 56040.95
Corresponding performance-overhead-in-percentage: 55.00, sdc-coverage-in-percentage: 100.00
optimal llfi_index set found by knapsack: 17 467 477 478 479 481 482 483 484 485 486 488 489 490 491 492 493 494 497 498 522 528 529 530 532 534 536 537 538 539 541 543 544 545 546 547 548 549 552 553 558 574 584 585 586 588 590 591 593 594 595 596 600 601 602 605 611 619 621 622 627 628 671 681 744 746 748 751 759 762 763 768 771 779 785 786 790 834 845 846 883 1094 1096 1100 1114 1127 1164 1170 1179 1180 1187 1195 1245 1279 1280 1282 1283 1285 1286 1293 1296 1331 1607 1612 1614 1622 1624 1626 1627 1628 1630 1631 1634 1635 1636 1637 1638 1639 1640 1641 1642 1643 1644 1645 1646 1650 1651 1653 1654 1655 1656 1657 1658 1659 1660 1661 1662 1663 1664 1665 1666 1669 1670 1674 1675 1724 1728 1729 1730 1733 1734 1735 1738 1741 1747 1748 1752 1753 1754 1756 1757 1758 1759 1760 1761 1763 1764 1765 1766 1767 1768 1769 1770 1774 1775 1776 1778 1779 1780 1781 1782 1785 1786 1787 1790 1792 1794 1795 1796 1797 1798 1800 1801 1802 1803 1804 1805 1807 1808 1809 1810 1812 1813 1815 1816 1817 1820 1821 1823 1824 1825 1826 1827 1829 1830 1831 1832 1833 1834 1836 1837 1838 1839 1840 1841 1842 1844 1845 1846 1847 1848 1849 1850 1851 1853 1854 1855 1856 1857 1858 1859 1861 1862 1863 1864 1865 1866 1867 1868 1871 1872 1876 1877 1881 1882 1913 1930 1935 1937 1938 1941 1944 1945 1946 1947 1950 1951 1952 1956 1957 1958 1959 1962 1963 1971 1972 1990 1992 1994 1995 1996 1997 1998 1999 2000 2001 2003 2004 2005 2006 2007 2008 2009 2010 2011 2014 2015 2032 2034 2035 2036 2039 2043 2044 2045 2046 2047 2050 2051 2076 2085 2086 2087 2088 2093 2094 2097 2098 2100 2108 2109 2111 2114 2118 2125
<END>
<START> performance-overhead: 60
max-weight: 7189, max-profit: 56040.95
Corresponding performance-overhead-in-percentage: 60.00, sdc-coverage-in-percentage: 100.00
optimal llfi_index set found by knapsack: 17 467 477 478 479 481 482 483 484 485 486 488 489 490 491 492 493 494 497 498 522 528 529 530 532 534 536 537 538 539 541 543 544 545 546 547 548 549 552 553 558 574 584 585 586 588 590 591 593 594 595 596 600 601 602 605 611 619 621 622 627 628 671 681 744 746 748 751 759 762 763 768 771 779 785 786 790 834 845 846 883 1094 1096 1100 1114 1127 1164 1170 1179 1180 1187 1195 1245 1279 1280 1282 1283 1285 1286 1293 1296 1331 1607 1612 1614 1622 1624 1626 1627 1628 1630 1631 1634 1635 1636 1637 1638 1639 1640 1641 1642 1643 1644 1645 1646 1650 1651 1653 1654 1655 1656 1657 1658 1659 1660 1661 1662 1663 1664 1665 1666 1669 1670 1674 1675 1724 1728 1729 1730 1733 1734 1735 1738 1741 1747 1748 1752 1753 1754 1756 1757 1758 1759 1760 1761 1763 1764 1765 1766 1767 1768 1769 1770 1774 1775 1776 1778 1779 1780 1781 1782 1785 1786 1787 1790 1792 1794 1795 1796 1797 1798 1800 1801 1802 1803 1804 1805 1807 1808 1809 1810 1812 1813 1815 1816 1817 1820 1821 1823 1824 1825 1826 1827 1829 1830 1831 1832 1833 1834 1836 1837 1838 1839 1840 1841 1842 1844 1845 1846 1847 1848 1849 1850 1851 1853 1854 1855 1856 1857 1858 1859 1861 1862 1863 1864 1865 1866 1867 1868 1871 1872 1876 1877 1881 1882 1913 1930 1935 1937 1938 1941 1944 1945 1946 1947 1950 1951 1952 1956 1957 1958 1959 1962 1963 1971 1972 1990 1992 1994 1995 1996 1997 1998 1999 2000 2001 2003 2004 2005 2006 2007 2008 2009 2010 2011 2014 2015 2032 2034 2035 2036 2039 2043 2044 2045 2046 2047 2050 2051 2076 2085 2086 2087 2088 2093 2094 2097 2098 2100 2108 2109 2111 2114 2118 2125
<END>
<START> performance-overhead: 65
max-weight: 7788, max-profit: 56040.95
Corresponding performance-overhead-in-percentage: 65.00, sdc-coverage-in-percentage: 100.00
optimal llfi_index set found by knapsack: 17 467 477 478 479 481 482 483 484 485 486 488 489 490 491 492 493 494 497 498 522 528 529 530 532 534 536 537 538 539 541 543 544 545 546 547 548 549 552 553 558 574 584 585 586 588 590 591 593 594 595 596 600 601 602 605 611 619 621 622 627 628 671 681 744 746 748 751 759 762 763 768 771 779 785 786 790 834 845 846 883 1094 1096 1100 1114 1127 1164 1170 1179 1180 1187 1195 1245 1279 1280 1282 1283 1285 1286 1293 1296 1331 1607 1612 1614 1622 1624 1626 1627 1628 1630 1631 1634 1635 1636 1637 1638 1639 1640 1641 1642 1643 1644 1645 1646 1650 1651 1653 1654 1655 1656 1657 1658 1659 1660 1661 1662 1663 1664 1665 1666 1669 1670 1674 1675 1724 1728 1729 1730 1733 1734 1735 1738 1741 1747 1748 1752 1753 1754 1756 1757 1758 1759 1760 1761 1763 1764 1765 1766 1767 1768 1769 1770 1774 1775 1776 1778 1779 1780 1781 1782 1785 1786 1787 1790 1792 1794 1795 1796 1797 1798 1800 1801 1802 1803 1804 1805 1807 1808 1809 1810 1812 1813 1815 1816 1817 1820 1821 1823 1824 1825 1826 1827 1829 1830 1831 1832 1833 1834 1836 1837 1838 1839 1840 1841 1842 1844 1845 1846 1847 1848 1849 1850 1851 1853 1854 1855 1856 1857 1858 1859 1861 1862 1863 1864 1865 1866 1867 1868 1871 1872 1876 1877 1881 1882 1913 1930 1935 1937 1938 1941 1944 1945 1946 1947 1950 1951 1952 1956 1957 1958 1959 1962 1963 1971 1972 1990 1992 1994 1995 1996 1997 1998 1999 2000 2001 2003 2004 2005 2006 2007 2008 2009 2010 2011 2014 2015 2032 2034 2035 2036 2039 2043 2044 2045 2046 2047 2050 2051 2076 2085 2086 2087 2088 2093 2094 2097 2098 2100 2108 2109 2111 2114 2118 2125
<END>
<START> performance-overhead: 70
max-weight: 8387, max-profit: 56040.95
Corresponding performance-overhead-in-percentage: 70.00, sdc-coverage-in-percentage: 100.00
optimal llfi_index set found by knapsack: 17 467 477 478 479 481 482 483 484 485 486 488 489 490 491 492 493 494 497 498 522 528 529 530 532 534 536 537 538 539 541 543 544 545 546 547 548 549 552 553 558 574 584 585 586 588 590 591 593 594 595 596 600 601 602 605 611 619 621 622 627 628 671 681 744 746 748 751 759 762 763 768 771 779 785 786 790 834 845 846 883 1094 1096 1100 1114 1127 1164 1170 1179 1180 1187 1195 1245 1279 1280 1282 1283 1285 1286 1293 1296 1331 1607 1612 1614 1622 1624 1626 1627 1628 1630 1631 1634 1635 1636 1637 1638 1639 1640 1641 1642 1643 1644 1645 1646 1650 1651 1653 1654 1655 1656 1657 1658 1659 1660 1661 1662 1663 1664 1665 1666 1669 1670 1674 1675 1724 1728 1729 1730 1733 1734 1735 1738 1741 1747 1748 1752 1753 1754 1756 1757 1758 1759 1760 1761 1763 1764 1765 1766 1767 1768 1769 1770 1774 1775 1776 1778 1779 1780 1781 1782 1785 1786 1787 1790 1792 1794 1795 1796 1797 1798 1800 1801 1802 1803 1804 1805 1807 1808 1809 1810 1812 1813 1815 1816 1817 1820 1821 1823 1824 1825 1826 1827 1829 1830 1831 1832 1833 1834 1836 1837 1838 1839 1840 1841 1842 1844 1845 1846 1847 1848 1849 1850 1851 1853 1854 1855 1856 1857 1858 1859 1861 1862 1863 1864 1865 1866 1867 1868 1871 1872 1876 1877 1881 1882 1913 1930 1935 1937 1938 1941 1944 1945 1946 1947 1950 1951 1952 1956 1957 1958 1959 1962 1963 1971 1972 1990 1992 1994 1995 1996 1997 1998 1999 2000 2001 2003 2004 2005 2006 2007 2008 2009 2010 2011 2014 2015 2032 2034 2035 2036 2039 2043 2044 2045 2046 2047 2050 2051 2076 2085 2086 2087 2088 2093 2094 2097 2098 2100 2108 2109 2111 2114 2118 2125
<END>
<START> performance-overhead: 75
max-weight: 8986, max-profit: 56040.95
Corresponding performance-overhead-in-percentage: 75.00, sdc-coverage-in-percentage: 100.00
optimal llfi_index set found by knapsack: 17 467 477 478 479 481 482 483 484 485 486 488 489 490 491 492 493 494 497 498 522 528 529 530 532 534 536 537 538 539 541 543 544 545 546 547 548 549 552 553 558 574 584 585 586 588 590 591 593 594 595 596 600 601 602 605 611 619 621 622 627 628 671 681 744 746 748 751 759 762 763 768 771 779 785 786 790 834 845 846 883 1094 1096 1100 1114 1127 1164 1170 1179 1180 1187 1195 1245 1279 1280 1282 1283 1285 1286 1293 1296 1331 1607 1612 1614 1622 1624 1626 1627 1628 1630 1631 1634 1635 1636 1637 1638 1639 1640 1641 1642 1643 1644 1645 1646 1650 1651 1653 1654 1655 1656 1657 1658 1659 1660 1661 1662 1663 1664 1665 1666 1669 1670 1674 1675 1724 1728 1729 1730 1733 1734 1735 1738 1741 1747 1748 1752 1753 1754 1756 1757 1758 1759 1760 1761 1763 1764 1765 1766 1767 1768 1769 1770 1774 1775 1776 1778 1779 1780 1781 1782 1785 1786 1787 1790 1792 1794 1795 1796 1797 1798 1800 1801 1802 1803 1804 1805 1807 1808 1809 1810 1812 1813 1815 1816 1817 1820 1821 1823 1824 1825 1826 1827 1829 1830 1831 1832 1833 1834 1836 1837 1838 1839 1840 1841 1842 1844 1845 1846 1847 1848 1849 1850 1851 1853 1854 1855 1856 1857 1858 1859 1861 1862 1863 1864 1865 1866 1867 1868 1871 1872 1876 1877 1881 1882 1913 1930 1935 1937 1938 1941 1944 1945 1946 1947 1950 1951 1952 1956 1957 1958 1959 1962 1963 1971 1972 1990 1992 1994 1995 1996 1997 1998 1999 2000 2001 2003 2004 2005 2006 2007 2008 2009 2010 2011 2014 2015 2032 2034 2035 2036 2039 2043 2044 2045 2046 2047 2050 2051 2076 2085 2086 2087 2088 2093 2094 2097 2098 2100 2108 2109 2111 2114 2118 2125
<END>
<START> performance-overhead: 80
max-weight: 9585, max-profit: 56040.95
Corresponding performance-overhead-in-percentage: 80.00, sdc-coverage-in-percentage: 100.00
optimal llfi_index set found by knapsack: 17 467 477 478 479 481 482 483 484 485 486 488 489 490 491 492 493 494 497 498 522 528 529 530 532 534 536 537 538 539 541 543 544 545 546 547 548 549 552 553 558 574 584 585 586 588 590 591 593 594 595 596 600 601 602 605 611 619 621 622 627 628 671 681 744 746 748 751 759 762 763 768 771 779 785 786 790 834 845 846 883 1094 1096 1100 1114 1127 1164 1170 1179 1180 1187 1195 1245 1279 1280 1282 1283 1285 1286 1293 1296 1331 1607 1612 1614 1622 1624 1626 1627 1628 1630 1631 1634 1635 1636 1637 1638 1639 1640 1641 1642 1643 1644 1645 1646 1650 1651 1653 1654 1655 1656 1657 1658 1659 1660 1661 1662 1663 1664 1665 1666 1669 1670 1674 1675 1724 1728 1729 1730 1733 1734 1735 1738 1741 1747 1748 1752 1753 1754 1756 1757 1758 1759 1760 1761 1763 1764 1765 1766 1767 1768 1769 1770 1774 1775 1776 1778 1779 1780 1781 1782 1785 1786 1787 1790 1792 1794 1795 1796 1797 1798 1800 1801 1802 1803 1804 1805 1807 1808 1809 1810 1812 1813 1815 1816 1817 1820 1821 1823 1824 1825 1826 1827 1829 1830 1831 1832 1833 1834 1836 1837 1838 1839 1840 1841 1842 1844 1845 1846 1847 1848 1849 1850 1851 1853 1854 1855 1856 1857 1858 1859 1861 1862 1863 1864 1865 1866 1867 1868 1871 1872 1876 1877 1881 1882 1913 1930 1935 1937 1938 1941 1944 1945 1946 1947 1950 1951 1952 1956 1957 1958 1959 1962 1963 1971 1972 1990 1992 1994 1995 1996 1997 1998 1999 2000 2001 2003 2004 2005 2006 2007 2008 2009 2010 2011 2014 2015 2032 2034 2035 2036 2039 2043 2044 2045 2046 2047 2050 2051 2076 2085 2086 2087 2088 2093 2094 2097 2098 2100 2108 2109 2111 2114 2118 2125
<END>
<START> performance-overhead: 85
max-weight: 10184, max-profit: 56040.95
Corresponding performance-overhead-in-percentage: 85.00, sdc-coverage-in-percentage: 100.00
optimal llfi_index set found by knapsack: 17 467 477 478 479 481 482 483 484 485 486 488 489 490 491 492 493 494 497 498 522 528 529 530 532 534 536 537 538 539 541 543 544 545 546 547 548 549 552 553 558 574 584 585 586 588 590 591 593 594 595 596 600 601 602 605 611 619 621 622 627 628 671 681 744 746 748 751 759 762 763 768 771 779 785 786 790 834 845 846 883 1094 1096 1100 1114 1127 1164 1170 1179 1180 1187 1195 1245 1279 1280 1282 1283 1285 1286 1293 1296 1331 1607 1612 1614 1622 1624 1626 1627 1628 1630 1631 1634 1635 1636 1637 1638 1639 1640 1641 1642 1643 1644 1645 1646 1650 1651 1653 1654 1655 1656 1657 1658 1659 1660 1661 1662 1663 1664 1665 1666 1669 1670 1674 1675 1724 1728 1729 1730 1733 1734 1735 1738 1741 1747 1748 1752 1753 1754 1756 1757 1758 1759 1760 1761 1763 1764 1765 1766 1767 1768 1769 1770 1774 1775 1776 1778 1779 1780 1781 1782 1785 1786 1787 1790 1792 1794 1795 1796 1797 1798 1800 1801 1802 1803 1804 1805 1807 1808 1809 1810 1812 1813 1815 1816 1817 1820 1821 1823 1824 1825 1826 1827 1829 1830 1831 1832 1833 1834 1836 1837 1838 1839 1840 1841 1842 1844 1845 1846 1847 1848 1849 1850 1851 1853 1854 1855 1856 1857 1858 1859 1861 1862 1863 1864 1865 1866 1867 1868 1871 1872 1876 1877 1881 1882 1913 1930 1935 1937 1938 1941 1944 1945 1946 1947 1950 1951 1952 1956 1957 1958 1959 1962 1963 1971 1972 1990 1992 1994 1995 1996 1997 1998 1999 2000 2001 2003 2004 2005 2006 2007 2008 2009 2010 2011 2014 2015 2032 2034 2035 2036 2039 2043 2044 2045 2046 2047 2050 2051 2076 2085 2086 2087 2088 2093 2094 2097 2098 2100 2108 2109 2111 2114 2118 2125
<END>
<START> performance-overhead: 90
max-weight: 10783, max-profit: 56040.95
Corresponding performance-overhead-in-percentage: 90.00, sdc-coverage-in-percentage: 100.00
optimal llfi_index set found by knapsack: 17 467 477 478 479 481 482 483 484 485 486 488 489 490 491 492 493 494 497 498 522 528 529 530 532 534 536 537 538 539 541 543 544 545 546 547 548 549 552 553 558 574 584 585 586 588 590 591 593 594 595 596 600 601 602 605 611 619 621 622 627 628 671 681 744 746 748 751 759 762 763 768 771 779 785 786 790 834 845 846 883 1094 1096 1100 1114 1127 1164 1170 1179 1180 1187 1195 1245 1279 1280 1282 1283 1285 1286 1293 1296 1331 1607 1612 1614 1622 1624 1626 1627 1628 1630 1631 1634 1635 1636 1637 1638 1639 1640 1641 1642 1643 1644 1645 1646 1650 1651 1653 1654 1655 1656 1657 1658 1659 1660 1661 1662 1663 1664 1665 1666 1669 1670 1674 1675 1724 1728 1729 1730 1733 1734 1735 1738 1741 1747 1748 1752 1753 1754 1756 1757 1758 1759 1760 1761 1763 1764 1765 1766 1767 1768 1769 1770 1774 1775 1776 1778 1779 1780 1781 1782 1785 1786 1787 1790 1792 1794 1795 1796 1797 1798 1800 1801 1802 1803 1804 1805 1807 1808 1809 1810 1812 1813 1815 1816 1817 1820 1821 1823 1824 1825 1826 1827 1829 1830 1831 1832 1833 1834 1836 1837 1838 1839 1840 1841 1842 1844 1845 1846 1847 1848 1849 1850 1851 1853 1854 1855 1856 1857 1858 1859 1861 1862 1863 1864 1865 1866 1867 1868 1871 1872 1876 1877 1881 1882 1913 1930 1935 1937 1938 1941 1944 1945 1946 1947 1950 1951 1952 1956 1957 1958 1959 1962 1963 1971 1972 1990 1992 1994 1995 1996 1997 1998 1999 2000 2001 2003 2004 2005 2006 2007 2008 2009 2010 2011 2014 2015 2032 2034 2035 2036 2039 2043 2044 2045 2046 2047 2050 2051 2076 2085 2086 2087 2088 2093 2094 2097 2098 2100 2108 2109 2111 2114 2118 2125
<END>
<START> performance-overhead: 95
max-weight: 11382, max-profit: 56040.95
Corresponding performance-overhead-in-percentage: 95.00, sdc-coverage-in-percentage: 100.00
optimal llfi_index set found by knapsack: 17 467 477 478 479 481 482 483 484 485 486 488 489 490 491 492 493 494 497 498 522 528 529 530 532 534 536 537 538 539 541 543 544 545 546 547 548 549 552 553 558 574 584 585 586 588 590 591 593 594 595 596 600 601 602 605 611 619 621 622 627 628 671 681 744 746 748 751 759 762 763 768 771 779 785 786 790 834 845 846 883 1094 1096 1100 1114 1127 1164 1170 1179 1180 1187 1195 1245 1279 1280 1282 1283 1285 1286 1293 1296 1331 1607 1612 1614 1622 1624 1626 1627 1628 1630 1631 1634 1635 1636 1637 1638 1639 1640 1641 1642 1643 1644 1645 1646 1650 1651 1653 1654 1655 1656 1657 1658 1659 1660 1661 1662 1663 1664 1665 1666 1669 1670 1674 1675 1724 1728 1729 1730 1733 1734 1735 1738 1741 1747 1748 1752 1753 1754 1756 1757 1758 1759 1760 1761 1763 1764 1765 1766 1767 1768 1769 1770 1774 1775 1776 1778 1779 1780 1781 1782 1785 1786 1787 1790 1792 1794 1795 1796 1797 1798 1800 1801 1802 1803 1804 1805 1807 1808 1809 1810 1812 1813 1815 1816 1817 1820 1821 1823 1824 1825 1826 1827 1829 1830 1831 1832 1833 1834 1836 1837 1838 1839 1840 1841 1842 1844 1845 1846 1847 1848 1849 1850 1851 1853 1854 1855 1856 1857 1858 1859 1861 1862 1863 1864 1865 1866 1867 1868 1871 1872 1876 1877 1881 1882 1913 1930 1935 1937 1938 1941 1944 1945 1946 1947 1950 1951 1952 1956 1957 1958 1959 1962 1963 1971 1972 1990 1992 1994 1995 1996 1997 1998 1999 2000 2001 2003 2004 2005 2006 2007 2008 2009 2010 2011 2014 2015 2032 2034 2035 2036 2039 2043 2044 2045 2046 2047 2050 2051 2076 2085 2086 2087 2088 2093 2094 2097 2098 2100 2108 2109 2111 2114 2118 2125
<END>
<START> performance-overhead: 100
max-weight: 11981, max-profit: 56040.95
Corresponding performance-overhead-in-percentage: 100.00, sdc-coverage-in-percentage: 100.00
optimal llfi_index set found by knapsack: 17 467 477 478 479 481 482 483 484 485 486 488 489 490 491 492 493 494 497 498 522 528 529 530 532 534 536 537 538 539 541 543 544 545 546 547 548 549 552 553 558 574 584 585 586 588 590 591 593 594 595 596 600 601 602 605 611 619 621 622 627 628 671 681 744 746 748 751 759 762 763 768 771 779 785 786 790 834 845 846 883 1094 1096 1100 1114 1127 1164 1170 1179 1180 1187 1195 1245 1279 1280 1282 1283 1285 1286 1293 1296 1331 1607 1612 1614 1622 1624 1626 1627 1628 1630 1631 1634 1635 1636 1637 1638 1639 1640 1641 1642 1643 1644 1645 1646 1650 1651 1653 1654 1655 1656 1657 1658 1659 1660 1661 1662 1663 1664 1665 1666 1669 1670 1674 1675 1724 1728 1729 1730 1733 1734 1735 1738 1741 1747 1748 1752 1753 1754 1756 1757 1758 1759 1760 1761 1763 1764 1765 1766 1767 1768 1769 1770 1774 1775 1776 1778 1779 1780 1781 1782 1785 1786 1787 1790 1792 1794 1795 1796 1797 1798 1800 1801 1802 1803 1804 1805 1807 1808 1809 1810 1812 1813 1815 1816 1817 1820 1821 1823 1824 1825 1826 1827 1829 1830 1831 1832 1833 1834 1836 1837 1838 1839 1840 1841 1842 1844 1845 1846 1847 1848 1849 1850 1851 1853 1854 1855 1856 1857 1858 1859 1861 1862 1863 1864 1865 1866 1867 1868 1871 1872 1876 1877 1881 1882 1913 1930 1935 1937 1938 1941 1944 1945 1946 1947 1950 1951 1952 1956 1957 1958 1959 1962 1963 1971 1972 1990 1992 1994 1995 1996 1997 1998 1999 2000 2001 2003 2004 2005 2006 2007 2008 2009 2010 2011 2014 2015 2032 2034 2035 2036 2039 2043 2044 2045 2046 2047 2050 2051 2076 2085 2086 2087 2088 2093 2094 2097 2098 2100 2108 2109 2111 2114 2118 2125
<END>
