5: 261 1009 1015
10: 261 230 1009 1015
15: 261 953 230 1004 1009 1015 1020
20: 261 1050 813 953 230 1004 1009 1015 1020
25: 261 1050 813 953 716 719 230 1004 1009 1015 1020 767
30: 261 1050 813 956 953 32 716 719 230 1004 1009 1015 1020 767
35: 261 783 25 1050 813 956 953 32 716 719 230 1004 1009 1015 1020 767
40: 261 783 25 1050 813 956 953 32 716 719 230 1004 1009 1015 1020 767
45: 261 783 25 1050 813 956 953 32 716 719 230 1004 1009 1015 1020 767
50: 261 783 25 1050 813 956 953 32 716 719 230 1004 1009 1015 1020 767
55: 261 783 25 1050 813 956 953 32 716 719 230 1004 1009 1015 1020 767
60: 261 783 25 1050 813 956 953 32 716 719 230 1004 1009 1015 1020 767
65: 261 783 25 1050 813 956 953 32 716 719 230 1004 1009 1015 1020 767
70: 261 783 25 1050 813 956 953 32 716 719 230 1004 1009 1015 1020 767
75: 261 783 25 1050 813 956 953 32 716 719 230 1004 1009 1015 1020 767
80: 261 783 25 1050 813 956 953 32 716 719 230 1004 1009 1015 1020 767
85: 261 783 25 1050 813 956 953 32 716 719 230 1004 1009 1015 1020 767
90: 261 783 25 1050 813 956 953 32 716 719 230 1004 1009 1015 1020 767
95: 261 783 25 1050 813 956 953 32 716 719 230 1004 1009 1015 1020 767
100: 261 783 25 1050 813 956 953 32 716 719 230 1004 1009 1015 1020 767
