403
14
17
19
15
21
48
51
151
191
23
25
27
28
33
35
41
43
45
50
57
59
61
63
64
70
72
74
75
81
82
83
84
87
88
89
90
93
94
95
96
115
116
118
120
122
124
126
127
130
131
136
137
139
141
142
147
150
155
156
160
164
169
165
171
174
178
185
180
183
187
193
198
199
204
208
218
209
212
213
225
227
236
228
229
238
247
239
240
249
253
255
264
256
257
266
269
270
273
276
277
280
281
286
287
292
293
298
299
304
305
314
317
323
326
332
335
341
344
346
347
349
353
354
357
358
361
362
364
365
366
369
370
376
377
379
380
382
386
387
389
390
392
396
393
408
407
456
422
423
435
449
447
451
421
425
426
428
429
433
439
442
485
493
481
465
467
466
469
470
471
477
479
478
482
489
497
502
536
538
546
532
561
516
518
517
520
521
522
528
530
529
533
540
548
552
557
609
611
592
594
602
588
572
574
573
576
577
578
584
586
585
589
596
604
605
607
615
622
616
618
627
632
653
654
690
707
670
675
661
668
683
698
649
650
652
656
657
659
666
671
673
678
679
687
693
694
703
711
716
754
755
772
762
781
733
734
746
758
732
736
737
738
744
748
749
751
752
759
765
766
768
769
777
785
790
824
820
821
865
866
867
804
806
808
810
813
818
823
830
834
831
836
839
837
840
845
849
852
855
859
862
863
864
869
870
871
872
874
878
879
880
882
883
885
886
887
888
890
894
895
896
960
962
970
976
978
987
993
995
1004
926
928
937
941
942
956
1019
919
923
920
925
929
933
940
944
945
946
952
954
953
957
964
973
981
990
998
1006
1010
1015
1098
1180
1054
1183
1070
1190
1207
1071
1121
1138
1101
1114
1062
1063
1078
1131
1146
1200
1215
1086
1073
1074
1096
1164
1239
1075
1228
1229
1065
1066
1081
1134
1149
1203
1218
1057
1058
1060
1069
1084
1083
1087
1094
1102
1113
1115
1126
1155
1162
1170
1184
1195
1224
1231
1232
1237
1242
1250
1260
1279
1280
1274
1296
1278
1282
1284
1285
1288
1292
1352
1412
1414
1433
1529
1548
1638
1657
1421
1441
1536
1556
1645
1665
1360
1481
1327
1326
1357
1389
1390
1400
1505
1515
1614
1624
1347
1376
1384
1491
1499
1600
1608
1378
1630
1633
1407
1369
1330
1332
1335
1340
1336
1338
1342
1346
1353
1364
1366
1365
1368
1374
1382
1388
1392
1393
1398
1402
1403
1406
1409
1415
1418
1424
1427
1434
1437
1445
1450
1455
1459
1464
1468
1473
1479
1483
1489
1497
1503
1507
1508
1513
1517
1518
1521
1524
1530
1533
1539
1542
1549
1552
1560
1565
1570
1574
1579
1583
1588
1598
1606
1612
1616
1617
1622
1626
1627
1669
1674
1679
1683
1688
1692
1784
1785
1723
1730
1722
1747
1724
1769
1738
1753
1754
1744
1776
1780
1782
1791
1825
1827
1834
1867
1796
1798
1805
1850
1807
1810
1837
1845
1836
1844
1728
1732
1733
1735
1752
1756
1763
1774
1778
1786
1794
1800
1808
1811
1816
1819
1823
1829
1839
1847
1856
1864
1871
1876
1881
1921
1922
1906
1907
1919
1934
1909
1917
1939
1941
1948
1972
1911
1950
1953
1951
1954
1905
1914
1928
1937
1943
1957
1969
1976
1991
1992
1994
1995
2004
1998
2008
1990
1996
2000
2005
2010
2014
2029
2030
2034
2036
2047
2039
2051
2028
2032
2037
2042
2048
2055
2073
2074
2076
2086
2088
2094
2103
2109
2111
2118
2129
2080
2082
2100
2125
2072
2077
2081
2090
2101
2113
2126
2134
