142
38
39
42
71
50
52
61
75
80
85
95
105
117
116
123
124
120
88
89
90
102
103
44
45
99
100
133
137
118
119
191
353
438
192
347
449
194
341
188
244
256
268
310
322
326
329
334
388
394
397
481
484
525
528
613
618
623
628
633
638
643
280
290
300
573
574
587
598
208
216
458
459
197
198
225
227
228
231
237
239
240
243
249
251
252
255
261
263
264
267
273
275
276
279
283
285
286
289
293
295
296
299
302
303
305
306
309
315
317
318
321
211
212
456
627
219
593
383
384
393
480
524
537
547
553
415
476
522
532
544
451
452
187
339
345
351
355
360
364
368
374
378
382
391
402
403
407
408
412
413
416
422
426
429
432
430
434
435
440
443
441
445
446
461
472
462
464
465
468
469
478
487
488
492
493
498
499
502
508
513
518
533
559
564
569
698
1149
1157
1162
1167
1172
1177
1182
1187
1192
1197
1202
805
815
825
703
704
716
833
953
1044
1166
846
836
989
986
965
966
1055
1109
1122
1133
719
728
730
745
718
726
729
736
761
762
764
765
768
771
773
774
777
780
782
783
786
789
791
792
795
798
800
801
804
808
810
811
814
818
820
821
824
867
903
754
838
840
959
1048
843
844
963
1052
853
914
916
917
933
935
936
1186
892
908
910
994
996
1191
896
927
929
1004
1006
1196
1201
873
874
876
877
880
883
885
886
889
891
895
982
983
1022
1070
1077
1084
732
750
831
839
842
847
851
852
856
861
865
901
905
907
911
913
919
920
924
926
930
932
938
939
944
951
958
961
975
981
990
991
992
993
1000
1001
1002
1003
1010
1014
1020
1029
1035
1042
1047
1050
1064
1071
1072
1078
1079
1085
1086
1091
1102
1148
1330
1225
1227
1273
1275
1281
1283
1289
1291
1230
1235
1241
1247
1253
1229
1267
1300
1299
1312
1314
1306
1308
1296
1297
1265
1269
1270
1277
1278
1285
1286
1295
1301
1304
1305
1310
1311
1317
1322
1373
1375
1379
1454
1429
1413
1493
1565
1497
1498
1627
1408
1635
1639
1643
1647
1671
1669
1621
1634
1638
1642
1646
1381
1382
1384
1385
1388
1400
1402
1403
1406
1390
1391
1393
1394
1397
1456
1663
1665
1431
1651
1653
1443
1657
1659
1531
1532
1480
1481
1555
1558
1560
1539
1609
1416
1417
1421
1422
1435
1434
1436
1447
1446
1448
1460
1459
1461
1472
1471
1473
1476
1491
1500
1501
1512
1511
1513
1517
1527
1526
1528
1545
1544
1546
1557
1562
1568
1584
1583
1585
1597
1596
1598
1602
1623
1626
1630
1682
1684
1685
1688
1689
1714
1715
1748
1778
1708
1709
1719
1721
1755
1785
1722
1742
1725
1727
1761
1792
1732
1765
1797
1713
1717
1718
1723
1724
1730
1731
1736
1746
1751
1752
1757
1758
1763
1764
1769
1776
1781
1782
1788
1789
1795
1796
1801
1821
1823
1836
1838
1844
1846
1852
1854
1873
1875
1888
1828
1829
1885
1864
1866
1869
1871
1872
1859
1860
1827
1832
1833
1840
1841
1848
1849
1858
1862
1863
1867
1868
1877
1881
1886
1887
1892
1923
1924
1950
1917
1918
1930
1935
1956
1916
1961
1973
1972
1922
1926
1927
1931
1932
1937
1941
1948
1952
1953
1957
1958
1963
1967
