49
18
19
20
21
22
23
24
27
28
42
43
32
33
38
74
115
121
130
79
80
98
102
106
110
69
71
76
83
90
99
103
107
111
133
67
88
89
94
117
118
123
124
160
157
138
139
141
145
147
148
149
151
153
154
163
164
166
211
175
176
182
183
187
188
192
197
198
202
206
208
220
248
250
251
216
218
221
224
225
227
230
231
232
234
241
243
245
247
252
254
255
257
258
259
261
263
265
266
269
383
384
398
399
407
408
412
413
420
421
426
427
433
434
440
441
446
450
451
455
457
460
465
467
306
309
313
315
321
328
337
343
354
386
477
358
389
390
395
415
285
286
289
292
293
295
298
300
301
304
319
323
325
326
327
332
334
335
336
341
342
347
350
351
352
353
359
363
365
366
371
373
374
377
393
401
423
430
437
447
464
470
487
488
521
518
505
506
507
497
498
500
503
504
509
512
514
515
531
536
526
527
561
562
571
583
587
615
639
641
644
633
650
593
594
612
629
557
559
564
566
570
573
592
605
621
646
666
671
676
679
682
685
688
691
694
706
716
718
720
725
727
731
735
737
771
774
776
779
781
786
788
800
812
815
823
728
747
662
664
669
674
697
699
701
703
709
712
714
742
744
749
751
756
758
763
765
767
793
795
797
803
807
862
853
855
867
869
874
877
880
883
886
889
894
897
900
903
906
909
918
921
924
927
930
933
938
941
944
947
950
953
956
959
962
965
969
972
978
981
984
987
990
993
998
1001
1004
1006
1010
1013
1016
1018
1022
1025
1028
1030
1042
1044
1048
1059
1061
1063
1070
1072
1074
1080
1083
1086
1089
1093
1096
1101
1104
1108
1111
1116
1119
1034
1051
1054
1127
1136
1151
1152
1149
1150
1123
1124
1132
1133
1155
1156
1159
1160
859
1169
1176
1179
1183
1185
1186
1193
1195
1188
1196
1207
1209
1212
1172
1200
1202
1204
1206
1214
1222
1224
1230
1232
1234
1235
1241
1243
1245
1248
1263
1265
1267
1229
1237
1238
1250
1254
1308
1310
1315
1318
1322
1324
1325
1330
1333
1335
1336
1341
1344
1346
1347
1352
1355
1357
1358
1367
1369
1371
1384
1386
1287
1307
1362
1364
1376
1377
1379
1378
1380
1381
1288
1294
1297
1298
1301
1303
1374
1419
1421
1433
1442
1399
1401
1404
1408
1410
1411
1416
1418
1451
1453
1436
1445
1446
1397
1424
1426
1428
1430
1435
1438
1448
1456
1458
1461
1470
1471
1477
1478
1483
1496
1498
1503
1505
1506
1510
1511
1514
1485
1486
1490
1522
1529
1542
1543
1545
1546
1547
1554
1555
1602
1626
1666
1668
1681
1687
1694
1588
1590
1642
1643
1646
1647
1650
1651
1641
1645
1649
1683
1685
1579
1581
1584
1592
1593
1596
1598
1604
1606
1611
1613
1618
1620
1623
1625
1629
1631
1635
1637
1653
1654
1657
1659
1670
1671
1674
1676
1709
1713
1715
1721
1706
1716
1722
1725
1704
1739
1745
1740
1742
1821
1823
1755
1760
1765
1772
1775
1781
1784
1792
1799
1802
1815
1826
1832
1835
1841
1861
1864
1870
1871
1881
1884
1890
1891
1897
1908
1911
1917
1919
1925
1939
1788
1752
1771
1785
1810
1811
1813
1814
1819
1820
1824
1825
1830
1831
1836
1837
1843
1844
1850
1856
1857
1859
1860
1865
1866
1873
1874
1879
1880
1885
1886
1892
1893
1900
1901
1906
1907
1912
1913
1920
1921
1928
1929
1935
1954
1958
1965
1979
1993
1962
1964
1978
1992
1967
1969
1973
1983
1987
1997
2001
2007
2011
2004
2008
2012
2020
2075
2076
2070
2072
2081
2033
2034
2043
2046
2049
2052
2055
2058
2061
2064
2074
2096
2031
2068
2100
2153
2155
2156
2172
2174
2195
2198
2218
2236
2238
2239
2242
2244
2246
2251
2253
2254
2257
2259
2261
2270
2272
2274
2283
2285
2287
2295
2297
2298
2304
2306
2308
2312
2337
2339
2341
2382
2384
2387
2394
2396
2399
2459
2461
2479
2481
2483
2495
2497
2499
2500
2519
2521
2530
2532
2534
2588
2590
2592
2593
2599
2601
2603
2642
2644
2679
2681
2683
2684
2690
2692
2694
2698
2723
2725
2727
2768
2770
2773
2780
2782
2785
2856
2858
2892
2894
2896
2934
2158
2159
2167
2168
2190
2200
2205
2208
2210
2213
2219
2221
2225
2227
2230
2266
2267
2279
2280
2432
2437
2544
2552
2554
2614
2616
2621
2623
2630
2665
2667
2670
2671
2818
2830
2832
2837
2839
2868
2870
2875
2877
2177
2178
2181
2186
2189
2423
2424
2810
2933
2314
2326
2712
2349
2350
2320
2321
2328
2330
2334
2363
2358
2359
2422
2403
2408
2412
2449
2471
2433
2502
2445
2539
2611
2612
2633
2625
2735
2736
2706
2707
2714
2716
2720
2749
2744
2745
2808
2789
2794
2798
2846
2884
2819
2841
2204
2292
2300
2301
2313
2319
2323
2324
2329
2343
2348
2357
2361
2365
2367
2366
2373
2374
2376
2377
2378
2379
2388
2389
2390
2391
2401
2402
2405
2406
2409
2410
2414
2418
2442
2443
2446
2447
2453
2454
2455
2456
2464
2468
2469
2475
2476
2477
2478
2486
2490
2503
2509
2515
2516
2523
2528
2529
2536
2540
2541
2546
2550
2551
2556
2560
2563
2568
2571
2576
2581
2587
2595
2596
2605
2610
2617
2618
2626
2627
2634
2638
2639
2646
2650
2653
2658
2678
2686
2687
2699
2705
2709
2710
2715
2729
2734
2743
2747
2751
2753
2752
2759
2760
2762
2763
2764
2765
2774
2775
2776
2777
2787
2788
2791
2792
2795
2796
2800
2804
2823
2824
2826
2827
2833
2834
2843
2844
2850
2851
2852
2853
2861
2864
2865
2871
2872
2881
2882
2888
2889
2890
2891
2899
2903
2908
2911
2916
2919
2924
2929
2946
2943
2944
2949
2954
2956
2961
2970
2972
2977
2983
2984
2988
2991
2992
2998
3001
3004
3007
3008
3078
3088
3092
3097
3100
3144
3169
3234
3041
3042
3040
3047
3048
3067
3068
3105
3107
3126
3106
3151
3176
3193
3141
3166
3077
3087
3095
3091
3085
3115
3116
3119
3129
3142
3167
3205
3215
3217
3220
3223
3232
3238
3140
3202
3124
3130
3131
3135
3149
3155
3156
3160
3174
3180
3181
3185
3191
3196
3197
3203
3204
3207
3211
3286
3298
3302
3307
3310
3321
3363
3441
3466
3268
3269
3267
3274
3275
3284
3297
3305
3301
3295
3325
3327
3345
3326
3370
3387
3448
3360
3392
3320
3359
3335
3336
3339
3348
3361
3398
3400
3422
3424
3427
3430
3439
3464
3470
3401
3343
3349
3350
3354
3368
3374
3375
3379
3385
3390
3391
3396
3397
3403
3404
3407
3410
3411
3414
3418
3446
3452
3453
3457
3478
3479
3477
3487
3488
3499
3504
3509
3514
3525
3534
3539
3544
3549
3552
3558
3564
3567
3570
3500
3530
3533
3538
3543
3548
3495
3586
3588
3593
3594
3598
3604
3608
3618
3619
3623
3627
3628
3631
3712
3672
3700
3714
3643
3645
3651
3659
3664
3671
3681
3687
3693
3640
3642
3648
3656
3661
3668
3678
3684
3690
3674
3704
3590
3601
3611
3613
3615
3635
3636
3719
3720
3725
3731
3732
3740
3743
3744
3749
3737
3757
3765
3766
3764
3774
3773
3799
3801
3804
3839
3870
3875
3877
3883
3885
3831
3826
3843
3845
3792
3793
3808
3810
3811
3823
3828
3832
3848
3850
3858
3860
3862
3865
3871
3873
3880
3888
3790
3819
3837
3841
3842
3846
3847
3854
3900
3903
3909
3915
3926
3944
3950
3961
3965
3972
3975
3977
3979
3984
3986
3904
3919
3937
3943
3949
3955
3957
3960
3987
3898
3922
3933
3968
3994
3995
4013
4232
4016
4019
4024
4031
4036
4043
4048
4096
4102
4112
4118
4128
4134
4078
4081
4084
4087
4322
4325
4052
4054
4053
4064
4063
4072
4075
4077
4105
4121
4137
4141
4144
4149
4152
4157
4160
4174
4177
4199
4212
4215
4241
4244
4257
4260
4269
4272
4285
4288
4297
4300
4313
4316
4320
4321
4236
4238
4239
4250
4255
4266
4267
4278
4283
4294
4295
4306
4311
4251
4253
4281
4309
4091
4167
4168
4171
4172
4173
4179
4180
4186
4192
4193
4196
4197
4198
4205
4206
4208
4209
4210
4211
4219
4224
4338
4350
4353
4357
4363
4368
4374
4379
4417
4421
4430
4435
4444
4449
4341
4344
4347
4408
4522
4525
4383
4385
4384
4395
4394
4403
4405
4407
4423
4437
4452
4456
4459
4464
4467
4472
4475
4489
4492
4504
4507
4520
4521
4412
4482
4483
4486
4487
4488
4494
4495
4501
4502
4503
4509
4510
4516
4529
4532
4536
4541
4545
4560
4561
4557
4558
4562
4565
4614
4616
4618
4628
4630
4640
4643
4653
4656
4666
4669
4679
4682
4692
4695
4705
4708
4743
4753
4755
4765
4767
4778
4780
4791
4793
4804
4806
4817
4819
4830
4832
4586
4588
4590
4584
4585
4592
4593
4722
4724
4738
4750
4762
4775
4788
4801
4814
4827
4844
4600
4609
4610
4732
4608
4612
4613
4619
4620
4624
4625
4631
4632
4636
4637
4644
4645
4649
4650
4657
4658
4662
4663
4670
4671
4675
4676
4683
4684
4688
4689
4696
4697
4701
4702
4709
4710
4715
4718
4730
4734
4735
4739
4740
4746
4747
4751
4752
4758
4759
4763
4764
4771
4772
4776
4777
4784
4785
4789
4790
4797
4798
4802
4803
4810
4811
4815
4816
4823
4824
4828
4829
4837
4840
4853
4855
4861
4867
4873
4879
4885
4889
4892
4851
4914
4915
4917
4918
4923
4924
4928
4967
4971
4974
4978
4920
4921
4925
4968
4975
4933
4935
4938
4947
4950
4959
4962
5005
5007
5009
5011
5017
5019
5021
5032
5034
5036
5047
5049
5052
5066
5068
5071
5085
5087
5090
5104
5106
5109
5120
5122
5125
5136
5138
5141
5024
5039
5058
5077
5096
5112
5128
5144
4930
4932
4944
4956
4940
5054
5073
5092
4984
4985
4989
4991
5161
5162
5164
4993
5002
4996
4983
4987
4988
4999
5013
5014
5022
5023
5028
5029
5037
5038
5043
5044
5056
5057
5062
5063
5075
5076
5081
5082
5094
5095
5100
5101
5110
5111
5116
5117
5126
5127
5132
5133
5142
5143
5148
5152
5157
5189
5190
5192
5193
5198
5199
5201
5204
5206
5195
5196
5274
5276
5279
5220
5223
5230
5237
5244
5251
5258
5265
5272
5215
5216
5280
5281
5282
5283
5284
5285
5286
5287
5214
5218
5219
5225
5226
5232
5233
5239
5240
5246
5247
5253
5254
5260
5261
5267
5268
5290
5299
5300
5309
5312
5313
5320
5321
5304
5305
5307
5308
5315
5316
5324
5331
5358
5361
5368
5375
5378
5379
5386
5393
5400
5407
5414
5351
5352
5355
5471
5451
5477
5421
5388
5426
5428
5402
5433
5435
5416
5440
5469
5381
5395
5409
5424
5431
5438
5443
5444
5445
5447
5450
5455
5460
5465
5497
5498
5500
5501
5506
5507
5511
5514
5518
5503
5504
5508
5515
5543
5545
5547
5549
5551
5557
5559
5562
5524
5525
5529
5531
5579
5580
5582
5533
5542
5536
5523
5527
5528
5539
5553
5554
5560
5561
5566
5570
5575
5604
5605
5607
5608
5622
5623
5627
5630
5634
5613
5614
5616
5698
5700
5610
5611
5624
5631
5659
5661
5663
5665
5667
5679
5671
5674
5640
5641
5645
5647
5695
5696
5649
5658
5652
5639
5643
5644
5655
5669
5670
5675
5676
5682
5686
5691
5711
5712
5721
5724
5725
5732
5733
5716
5717
5719
5720
5727
5728
5736
5767
5770
5775
5780
5782
5761
5762
5765
5906
5886
5912
5856
5860
5861
5863
5867
5868
5870
5874
5875
5793
5787
5790
5904
5859
5866
5873
5878
5879
5880
5882
5885
5890
5895
5900
5940
5943
5948
5953
5955
5934
5935
5938
6079
6059
6085
6029
6033
6034
6036
6040
6041
6043
6047
6048
5966
5960
5963
6077
6032
6039
6046
6051
6052
6053
6055
6058
6063
6068
6073
6089
6116
6118
6119
6124
6125
6130
6131
6136
6137
6142
6145
6153
6156
6167
6174
6185
6195
6204
6207
6215
6218
6146
6110
6113
6163
6158
6170
6148
6159
6192
6182
6180
6190
6181
6186
6210
6221
6266
6240
6241
6243
6245
6246
6248
6250
6252
6260
6251
6276
6278
6286
6294
6302
6310
6318
6326
6329
6332
6343
6345
6350
6352
6357
6359
6365
6367
6373
6375
6381
6383
6391
6281
6282
6285
6290
6293
6298
6301
6306
6309
6314
6317
6322
6325
6339
6274
6337
6341
6342
6348
6349
6355
6356
6363
6364
6371
6372
6379
6380
6387
6395
6397
6398
6402
6403
6409
6411
6412
6416
6417
6423
6425
6426
6430
6431
6437
6439
6440
6444
6445
6451
6453
6454
6458
6459
6465
6467
6468
6472
6473
6479
6480
6739
6745
6675
6673
6536
6539
6552
6511
6513
6517
6519
6684
6686
6689
6723
6725
6727
6733
6735
6737
6533
6535
6634
6635
6647
6648
6660
6661
6546
6548
6640
6641
6653
6654
6666
6667
6595
6596
6524
6602
6604
6615
6626
6542
6566
6575
6584
6555
6571
6572
6580
6581
6589
6590
6694
6695
6696
6631
6644
6657
6690
6528
6529
6531
6532
6540
6541
6544
6545
6553
6554
6558
6569
6578
6587
6594
6598
6599
6600
6601
6609
6610
6611
6612
6620
6621
6622
6623
6670
6672
6674
6676
6699
6704
6709
6714
6763
6795
6797
6798
6810
6812
6814
6815
6821
6823
6825
6831
6834
6844
6846
6858
6860
6862
6874
6876
6878
6766
6768
6776
6784
6764
6770
6778
6786
6772
6838
6854
6870
6827
6828
6836
6792
6800
6805
6806
6807
6817
6818
6840
6841
6849
6856
6857
6865
6872
6873
6881
6885
6888
6893
6918
6920
6922
6923
6935
6937
6939
6940
6946
6948
6950
6956
6959
6971
6973
6975
6987
6989
7000
7002
7004
7015
7017
7019
7042
7049
7052
7054
7055
7070
7072
7073
7085
7087
7089
7090
7097
7099
7108
7110
7112
7121
7123
7125
7144
7148
7151
7153
7154
6961
7037
6952
6953
6963
6979
7040
7043
7092
6917
6925
6930
6931
6932
6942
6943
6967
6968
6983
6984
6998
6999
7013
7014
7024
7027
7032
7061
7067
7075
7080
7081
7082
7093
7094
7102
7106
7107
7115
7119
7120
7128
7132
7135
7140
7172
7174
7176
7177
7189
7191
7193
7194
7200
7202
7204
7216
7218
7231
7233
7235
7248
7250
7252
7210
7208
7171
7179
7184
7185
7186
7196
7197
7212
7213
7221
7229
7230
7238
7246
7247
7255
7259
7262
7267
7274
7279
7282
7285
7291
7312
7314
7316
7317
7329
7331
7333
7334
7340
7342
7345
7354
7356
7359
7368
7370
7373
7382
7384
7386
7392
7395
7429
7436
7443
7305
7346
7307
7417
7423
7426
7433
7440
7388
7389
7427
7311
7319
7324
7325
7326
7336
7337
7347
7350
7351
7361
7364
7365
7375
7378
7379
7397
7401
7404
7409
7454
7455
7474
7486
7498
7501
7513
7499
7477
7489
7504
7516
7519
7520
7530
7533
7546
7549
7553
7558
7563
7566
7571
7575
7582
7586
7593
7595
7598
7603
7605
7606
7609
7616
7618
7619
7625
7633
7636
7637
7642
7643
7648
7649
7462
7466
7467
7469
7470
7475
7476
7481
7482
7487
7488
7493
7494
7502
7503
7508
7509
7514
7515
7522
7523
7528
7529
7535
7536
7542
7615
7621
7622
7629
7659
7660
7665
7671
7672
7676
7695
7696
7735
7699
7706
7708
7715
7717
7724
7753
7703
7712
7721
7727
7728
7729
7731
7734
7739
7744
7749
7766
7776
7778
7826
7867
7903
7933
7957
8002
8003
7816
7929
7953
7812
7863
7899
7770
7774
7822
7992
7993
7771
7773
7781
7785
7790
7794
7800
7804
7810
7829
7833
7838
7842
7848
7862
7870
7874
7879
7882
7888
7906
7910
7916
7928
7936
7939
7945
7961
7971
7977
7980
8043
8054
8056
8063
8064
8076
8066
8084
8086
8092
8094
8100
8102
8109
8111
8118
8120
8127
8129
8136
8138
8145
8147
8081
8089
8035
8038
8041
8124
8133
8142
8034
8047
8051
8073
8082
8083
8091
8099
8108
8117
8126
8135
8144
8057
8068
8078
8166
8168
8170
8183
8190
8192
8194
8195
8205
8212
8214
8216
8232
8233
8173
8174
8175
8202
8211
8164
8165
8180
8189
8176
8218
8219
8185
8207
8237
8250
8257
8258
8270
8272
8273
8280
8282
8292
8276
8279
8287
8289
8254
8260
8265
8266
8267
8277
8288
8293
8294
8298
8304
8318
8320
8321
8328
8330
8331
8339
8341
8357
8317
8323
8324
8325
8333
8335
8336
8346
8361
8366
8384
8389
8391
8392
8422
8406
8627
8630
8633
8626
8629
8632
8395
8397
8402
8409
8415
8428
8432
8434
8439
8442
8444
8450
8453
8460
8467
8474
8482
8486
8489
8493
8497
8501
8509
8513
8515
8521
8525
8532
8539
8546
8554
8558
8561
8571
8575
8578
8584
8588
8596
8603
8610
8600
8388
8394
8403
8425
8436
8455
8464
8471
8479
8503
8506
8527
8536
8543
8565
8568
8591
8616
8619
8622
8646
8650
8654
8665
8668
8671
8683
8686
8698
8701
8658
8660
8675
8690
8705
8709
8731
8735
8757
8761
8661
8663
8678
8693
8706
8708
8734
8760
8712
8714
8715
8719
8726
8740
8741
8745
8752
8766
8767
8771
8778
8782
8783
8784
8711
8737
8763
8813
8815
8817
8822
8827
8829
8831
8836
8841
8843
8845
8850
8852
8858
8860
8865
8867
8873
8875
8880
8882
8886
8890
8893
8897
8803
8801
8808
8806
8811
8812
8826
8847
8862
8877
8895
8818
8819
8833
8840
8855
8870
8888
8903
8905
8911
8912
8918
8908
8914
8915
8922
8930
8931
8936
8938
8939
8943
8953
8956
8959
8962
8965
8968
8971
8974
8978
8980
8985
8989
8992
8993
8951
8997
9002
9038
9040
9041
9063
9065
9067
9080
9082
9088
9090
9092
9129
9131
9133
9134
9140
9142
9144
9152
9179
9181
9183
9202
9204
9206
9221
9223
9225
9230
9232
9233
9252
9254
9257
9264
9266
9269
9321
9323
9332
9334
9336
9342
9344
9346
9347
9388
9390
9406
9408
9410
9453
9043
9045
9049
9053
9100
9360
9055
9113
9294
9452
9073
9074
9112
9120
9312
9154
9166
9146
9147
9196
9160
9161
9168
9169
9176
9185
9186
9215
9236
9237
9273
9278
9282
9379
9399
9235
9301
9308
9315
9380
9072
9076
9077
9086
9087
9096
9128
9136
9137
9153
9159
9163
9164
9189
9194
9198
9199
9213
9217
9218
9243
9244
9246
9247
9248
9249
9258
9259
9260
9261
9271
9272
9275
9276
9279
9280
9284
9288
9292
9297
9317
9318
9325
9330
9331
9338
9350
9356
9373
9374
9376
9377
9382
9383
9384
9385
9393
9396
9397
9402
9403
9404
9405
9413
9417
9422
9425
9430
9433
9438
9443
9447
9465
9462
9463
9468
9473
9475
9480
9489
9491
9496
9501
9506
9511
9514
9517
9622
9623
9527
9528
9531
9534
9584
9587
9590
9593
9596
9599
9602
9605
9608
9611
9614
9617
9620
9628
9633
9642
9658
9572
9649
9650
9657
9669
9670
9672
9676
9679
9682
9684
9687
9690
9693
9696
9699
9702
9705
9708
9711
9714
9717
9666
9723
9725
9735
9728
9729
9755
9750
9754
9743
9753
9757
9789
9790
9791
9781
9782
9788
9780
9810
9812
9815
9805
9806
9804
9808
9809
9813
9814
9819
9839
9841
9844
9834
9835
9833
9837
9838
9842
9843
9848
9868
9870
9873
9863
9864
9862
9866
9867
9871
9872
9877
9897
9899
9902
9892
9893
9891
9895
9896
9900
9901
9906
9926
9929
9941
9932
9944
9921
9922
9920
9924
9925
9930
9931
9936
9937
9942
9943
9949
9969
9972
9984
9975
9987
9964
9965
9963
9967
9968
9973
9974
9979
9980
9985
9986
9992
10008
10009
10017
10018
10025
10026
10029
10034
10041
10042
10032
10021
10037
10045
10053
10054
10057
10058
10062
10066
10217
10218
10241
10247
10231
10232
10245
10087
10138
10128
10227
10080
10085
10086
10090
10093
10095
10099
10100
10102
10103
10106
10107
10111
10112
10115
10116
10118
10119
10120
10122
10123
10124
10127
10129
10130
10133
10134
10144
10148
10151
10153
10157
10158
10160
10161
10164
10165
10167
10168
10169
10171
10172
10173
10176
10177
10178
10181
10184
10185
10188
10189
10190
10193
10196
10197
10200
10203
10204
10207
10213
10220
10223
10228
10229
10236
10242
10250
10253
10255
10256
10258
10260
10262
10263
10265
10267
10269
10270
10272
10294
10291
10353
10339
10284
10289
10290
10306
10307
10309
10310
10313
10314
10316
10317
10320
10321
10326
10327
10329
10332
10333
10336
10340
10341
10344
10345
10359
10367
10368
10370
10371
10374
10375
10378
10379
10381
10384
10385
10388
10391
10392
10395
10400
10401
10404
10407
10408
10411
10416
10417
10420
10425
10426
10429
10435
10444
10451
10458
10470
10474
10477
10481
10508
10516
10526
10674
10553
10568
10579
10589
10612
10622
10651
10497
10498
10500
10501
10504
10505
10506
10507
10511
10520
10521
10523
10524
10528
10530
10531
10536
10542
10543
10545
10546
10549
10550
10551
10552
10557
10558
10563
10572
10573
10575
10576
10580
10581
10585
10586
10590
10591
10596
10605
10606
10608
10609
10613
10614
10618
10619
10623
10624
10629
10635
10636
10638
10639
10642
10643
10644
10645
10648
10654
10655
10659
10668
10669
10671
10672
10676
10679
10680
10685
10696
10715
10716
10719
10706
10709
10734
10744
10735
10739
10755
10759
10763
10764
10766
10767
10781
10772
10773
10777
10799
10802
10804
10817
10819
10847
10849
10865
10793
10794
10805
10792
10857
10870
10872
10875
10882
10884
10894
10896
10897
10901
10904
10891
10905
10908
10915
10917
10919
10932
10934
10944
10946
10947
10959
10961
10963
10964
10970
10972
10974
10980
10983
10990
10992
10995
11000
11002
11005
11011
11013
11016
11021
11023
11026
11033
11035
11038
11043
11045
11048
11086
10935
10976
10977
11051
11074
11080
11085
10941
10949
10954
10955
10956
10966
10967
10986
10987
10996
10997
11007
11008
11017
11018
11029
11030
11039
11040
11054
11058
11061
11066
11113
11115
11117
11119
11120
11127
11129
11132
11138
11140
11151
11153
11156
11162
11164
11175
11177
11180
11186
11188
11102
11103
11122
11101
11105
11110
11111
11112
11123
11124
11134
11135
11143
11147
11148
11158
11159
11167
11171
11172
11182
11183
11191
11195
11198
11203
11233
11235
11237
11239
11240
11246
11248
11250
11256
11259
11267
11269
11272
11280
11282
11293
11295
11298
11306
11308
11319
11321
11324
11332
11334
11222
11223
11262
11252
11253
11274
11221
11225
11230
11231
11232
11242
11243
11263
11264
11276
11277
11285
11289
11290
11302
11303
11311
11315
11316
11328
11329
11337
11341
11344
11349
11387
11366
11368
11372
11376
11379
11382
11385
11365
11359
11388
11402
11399
11405
11408
11432
11433
11447
11451
11454
