11
12
14
16
21
28
31
33
34
37
29
39
40
42
43
46
50
52
51
54
55
58
56
60
61
62
66
70
71
73
74
77
81
83
82
87
89
88
91
92
93
94
97
95
101
106
112
114
113
116
117
122
118
120
123
124
125
129
135
137
136
141
143
142
145
146
153
147
148
151
149
156
162
170
169
179
180
196
197
231
233
244
245
254
270
271
280
367
369
299
338
340
361
363
221
295
199
201
202
204
205
208
212
215
213
217
219
225
227
226
229
230
235
236
238
239
241
247
249
251
259
262
260
264
265
267
273
275
277
285
286
294
287
289
292
290
297
298
303
308
314
316
315
318
319
322
320
325
332
334
333
336
337
343
348
349
351
354
355
357
