5: 129 343 314 325 332 336 112
10: 343 156 162 325 332 106 112
15: 343 156 162 325 101 106
20: 156 162 303 325 101 106
25: 156 162 303 101 225 106
30: 129 343 156 162 303 314 325 332 87 101 106 112
35: 129 343 156 162 303 325 332 87 101 225 106 112
40: 343 141 156 162 303 325 87 101 225 112
45: 141 156 303 325 87 91 101 225
50: 129 343 141 156 303 314 325 332 336 87 91 101 225 112 116
55: 129 343 141 273 156 162 303 314 325 332 87 91 101 225 106 112
60: 129 343 141 273 156 162 303 325 332 87 91 101 225 106 112 247
65: 129 343 141 273 156 162 303 314 318 325 332 336 87 91 101 225 106 112 116 247
70: 129 343 141 273 156 162 303 314 318 325 332 336 87 91 101 225 229 106 112 116 247
75: 129 343 141 273 156 285 162 303 314 318 325 332 336 87 91 101 225 229 106 112 116 247
80: 129 343 141 273 156 285 303 314 325 332 336 87 91 101 225 229 145 112 116 247
85: 129 343 141 273 156 285 162 303 314 318 325 332 336 87 91 101 225 229 145 106 112 116 247
90: 129 343 141 273 156 285 162 303 314 318 325 332 336 87 91 101 225 229 145 106 112 116 247
95: 129 343 141 273 156 285 162 303 314 318 325 332 336 87 91 101 225 229 145 106 112 116 247
100: 129 343 141 273 156 285 162 303 314 318 325 332 336 87 91 101 225 229 145 106 112 116 247
