3
7
38
18
20
19
29
30
28
42
44
46
47
57
58
92
93
95
97
102
107
112
126
129
132
137
140
145
148
166
192
232
274
352
357
127
160
173
195
197
209
210
226
243
246
247
250
256
281
283
295
296
365
368
391
394
402
405
413
416
430
433
447
450
462
465
278
150
151
236
238
239
317
542
318
545
257
539
312
327
329
331
326
335
456
507
472
526
468
518
503
476
483
477
490
478
497
120
123
153
158
164
168
171
178
183
190
194
202
208
212
213
218
224
230
234
235
240
251
254
261
266
272
276
280
288
294
298
302
303
308
344
345
346
347
349
354
360
363
371
372
374
375
378
379
381
382
384
388
396
399
407
411
419
420
424
427
436
437
441
445
457
460
481
488
495
509
512
520
528
553
555
552
557
559
561
689
691
926
928
647
649
886
607
610
646
688
808
839
849
883
925
1045
746
634
697
727
745
755
794
655
736
871
934
964
982
992
1031
892
973
606
614
616
615
618
620
625
626
630
631
636
640
643
650
654
652
658
663
669
670
674
675
680
683
686
692
696
694
700
705
711
712
716
717
719
725
722
728
734
731
738
743
740
748
753
751
759
763
761
767
772
778
779
783
784
786
792
789
798
802
805
813
818
823
828
835
841
845
854
857
862
863
867
868
873
877
880
887
891
889
895
900
906
907
911
912
917
920
923
929
933
931
937
942
948
949
953
954
956
962
959
965
971
968
975
980
977
985
990
988
996
1000
998
1004
1009
1015
1016
1020
1021
1023
1029
1026
1035
1039
1042
1050
1055
1060
1065
