5: 1941 407 1967 1736
10: 1926 1941 415 1967 1717 1736 1892
15: 1885 1926 1941 415 1948 1967 1713 1717 1736 1892 508
20: 513 1827 1885 1922 1926 1941 407 415 1952 497 1948 1967 1713 434 1717 1736 492 1892 508
25: 1881 1926 1941 1967 1892
30: 1881 1885 1926 1941 415 1948 1967 1736 1892
35: 1881 1885 1926 1941 407 1948 1967 1713 1717 1736 1892
40: 513 1827 1881 1885 1926 1941 407 415 1952 497 1948 1967 1713 434 1717 445 1736 492 1892 508
45: 1858 1881 1941 407 415 1967
50: 1858 1881 1926 1941 415 1967 1736 1892 508
55: 1858 1881 1885 1926 1941 407 1952 1948 1967 1717 1736 1892
60: 1827 1858 1881 1885 1926 1941 407 415 1952 1948 1967 1713 434 1717 1736 1892 508
65: 513 1827 1858 1881 1885 1922 1926 1941 407 412 415 1952 497 1948 1967 1713 434 1717 445 454 1736 458 492 1832 1892 508
70: 513 1827 1858 1881 1885 1922 1926 402 1941 407 412 415 1952 497 1948 1967 1713 434 1717 445 454 1736 458 492 1832 1892 508
75: 513 1827 1858 1881 1885 1922 1926 402 1941 407 412 415 1952 497 1948 1967 1713 434 1717 445 454 1736 458 492 1832 1892 508
80: 1858 1881 1885 1926 1941 407 415 1952 1862 497 1948 1967 1713 434 1717 1736 1892 508
85: 513 1827 1858 1881 1885 1922 1926 402 1941 407 412 415 1952 1862 497 1948 1967 1713 434 1717 445 454 1736 458 492 1892 508
90: 513 1827 1858 1881 1885 1922 1926 402 1941 407 412 415 1952 1862 497 1948 1967 1713 434 1717 445 454 1736 458 492 1832 1892 508
95: 513 1827 1858 1881 1885 1922 1926 402 1941 407 412 415 1952 1862 497 1948 1967 1713 434 1717 445 454 1736 458 492 1832 1892 508
100: 513 1827 1858 1881 1885 1922 1926 402 1941 407 412 415 1952 1862 497 1948 1967 1713 434 1717 445 454 1736 458 492 1832 1892 508
